    0.1000000E+01    0.6168805E-01    0.6806572E-01   -0.6096601E-01   -0.4173326E-01    0.9024221E-02    0.4457498E-01   -0.1834181E-02   -0.1828132E-02    0.1004431E+00    0.1993613E-01   -0.1993613E-01    0.1274806E+00    0.0000000E+00    0.4579227E+00   -0.4312507E-01   -0.3486927E-01   -0.4113789E-01   -0.8932697E-01   -0.3108619E-01   -0.1007318E+00   -0.4062731E-01    0.3270491E-01    0.4979985E-01    0.1145734E+00    0.2525704E-01    0.7265591E-01    0.1294610E+00    0.9024221E-02    0.9997347E+00    0.9997346E+00   -0.9994288E+00   -0.3627993E+00   -0.6533252E+00   -0.2480700E+00    0.5601735E-01   -0.2701557E+00    0.9087305E+00   -0.3193884E+00    0.4524673E+00   -0.6293054E+00    0.1274806E+00    0.1274807E+00   -0.7505959E-01   -0.9554514E-01   -0.1274972E-02    0.2485514E+00   -0.1404914E+00   -0.2033562E-01   -0.4408946E-01   -0.3131466E-01   -0.1460371E-01   -0.3339878E-01   -0.2108086E-01    0.9987625E+00    0.1665007E-01   -0.8392652E-03   -0.2108205E-01    0.4002694E-01
    0.6168805E-01    0.1000000E+01   -0.2228424E+00   -0.1386188E-01   -0.4318404E+00   -0.5988336E+00   -0.1851620E-01   -0.6100286E-01   -0.1144184E+00   -0.8911506E+00   -0.9495792E+00    0.9495792E+00    0.9978161E+00    0.0000000E+00    0.3806981E+00    0.3805478E+00    0.9529185E+00    0.8702870E+00    0.7860066E+00    0.7685843E+00    0.3543987E-01   -0.4326078E+00   -0.5420907E+00   -0.1980790E+00   -0.7111472E+00   -0.6793301E+00   -0.6597517E+00   -0.6140203E+00   -0.5988336E+00    0.6119067E-01    0.6118680E-01   -0.6091389E-01    0.4041399E+00    0.7150249E+00   -0.9818680E+00   -0.2261830E+00   -0.9294448E+00    0.4723482E+00   -0.9651814E+00    0.9178807E+00   -0.4461563E+00    0.9978161E+00    0.9978161E+00   -0.9931861E+00   -0.9922498E+00   -0.9247341E+00   -0.6844836E+00    0.8447935E+00    0.9533338E+00    0.8002373E+00   -0.1114677E+00    0.4003965E-01   -0.3184799E-01    0.2159698E-01    0.6278000E-01    0.9572458E-02   -0.1531741E-01    0.3100280E-01    0.2535563E-01
    0.6806572E-01   -0.2228424E+00    0.1000000E+01   -0.1110717E-01    0.5456042E+00    0.3022523E+00    0.2253903E-01    0.4423230E-01    0.4609174E-01    0.6236434E+00    0.5019167E+00   -0.5019167E+00   -0.2169415E+00    0.0000000E+00    0.7424888E+00    0.4674959E+00   -0.2318406E+00   -0.3550608E-01    0.2025506E-01   -0.5860981E-01   -0.2120887E-01    0.5443159E+00    0.7240498E+00    0.4495081E+00    0.5714186E+00    0.6876141E+00    0.6713086E+00    0.6631709E+00    0.3022523E+00    0.6812181E-01    0.6812164E-01   -0.6784453E-01   -0.9254735E+00   -0.2169733E+00    0.2050521E+00    0.9999235E+00   -0.1018114E+00   -0.3346015E-01    0.1953594E+00   -0.1730924E+00    0.6920472E+00   -0.2169415E+00   -0.2169414E+00    0.3193957E+00    0.3227402E+00    0.5717174E+00    0.8191776E+00   -0.6877831E+00   -0.4993299E+00    0.7150056E-01    0.7046380E+00   -0.7325926E-01    0.3892730E-01    0.5337612E-03    0.6807034E-01   -0.5751591E-01   -0.3996118E-02   -0.6093172E-01    0.4691455E-02
   -0.6096601E-01   -0.1386188E-01   -0.1110717E-01    0.1000000E+01    0.7354545E+00    0.7061561E-01   -0.2075821E-01    0.1752166E-02    0.1085899E-01   -0.5387504E-03    0.4637788E-02   -0.4637788E-02   -0.1780966E-01    0.0000000E+00   -0.3904922E-01    0.6277628E+00    0.2452467E+00    0.3895178E+00    0.4907732E+00    0.4652778E+00    0.9941641E+00    0.7352518E+00   -0.4739052E+00   -0.2807894E+00   -0.3982075E+00   -0.3856717E+00   -0.3433538E+00   -0.2969282E+00    0.7061561E-01   -0.6194052E-01   -0.6194167E-01    0.6227298E-01    0.2567546E-01    0.3325812E-01    0.2504395E-01   -0.1036216E-01    0.2886294E-01   -0.5994005E-01    0.2919507E-01   -0.3718063E-01    0.3726845E-01   -0.1780966E-01   -0.1780967E-01    0.1412507E-01    0.1520582E-01    0.6537762E-02   -0.1306399E-01    0.4728548E-02   -0.5215454E-02    0.4542397E+00    0.6141736E+00    0.7961895E-02    0.2437431E+00    0.4419209E-01   -0.5870863E-01   -0.2442813E-02   -0.1138409E-01    0.6048694E-01    0.4044559E-01
   -0.4173326E-01   -0.4318404E+00    0.5456042E+00    0.7354545E+00    0.1000000E+01    0.4238824E+00    0.6992093E-01    0.4025329E-01    0.6903860E-01    0.5803492E+00    0.5382087E+00   -0.5382087E+00   -0.4318962E+00    0.0000000E+00    0.2069873E+00    0.6287429E+00   -0.2049242E+00    0.3482116E-01    0.1725300E+00    0.9491653E-01    0.7120302E+00    0.9995027E+00    0.2479071E+00    0.9716442E-01    0.2482467E+00    0.3271599E+00    0.3454957E+00    0.3700162E+00    0.4238824E+00   -0.4226986E-01   -0.4226929E-01    0.4257265E-01   -0.5506419E+00   -0.2975507E+00    0.4276694E+00    0.5472865E+00    0.2657303E+00   -0.2177577E+00    0.4215595E+00   -0.4032714E+00    0.5091060E+00   -0.4318962E+00   -0.4318961E+00    0.4768492E+00    0.4791954E+00    0.5724268E+00    0.6015903E+00   -0.5908510E+00   -0.5412766E+00    0.1603278E+00    0.8860368E+00   -0.7217271E-02    0.1967294E+00    0.2677868E-01   -0.4037122E-01    0.2367263E-02   -0.2756877E-02    0.3589985E-01    0.2421537E-01
    0.9024221E-02   -0.5988336E+00    0.3022523E+00    0.7061561E-01    0.4238824E+00    0.1000000E+01   -0.2145269E-01    0.4473898E-01    0.7356370E-01    0.6133273E+00    0.6193484E+00   -0.6193484E+00   -0.5944839E+00    0.0000000E+00   -0.7027633E-01    0.1185058E+00   -0.4764291E+00   -0.3387032E+00   -0.2441095E+00   -0.6986128E+00    0.3464487E-01    0.4250966E+00    0.4506220E+00   -0.4477704E+00    0.2511340E+00    0.6045259E+00    0.7221824E+00    0.7705041E+00    0.1000000E+01    0.9351483E-02    0.9351893E-02   -0.9248876E-02   -0.4000838E+00   -0.4607405E+00    0.5797710E+00    0.3037411E+00    0.4958705E+00   -0.2425625E+00    0.5664733E+00   -0.5314653E+00    0.3516182E+00   -0.5944839E+00   -0.5944839E+00    0.6117694E+00    0.6112139E+00    0.6202990E+00    0.5372228E+00   -0.5987666E+00   -0.6222775E+00   -0.2558190E+00    0.4303991E+00   -0.6196323E-01    0.6280036E-01   -0.8795598E-02    0.8537802E-02   -0.9802368E-03   -0.2454319E-02   -0.4504565E-01   -0.8242236E-02
    0.4457498E-01   -0.1851620E-01    0.2253903E-01   -0.2075821E-01    0.6992093E-01   -0.2145269E-01    0.1000000E+01   -0.1316142E-02    0.1933700E-01    0.2976488E-01    0.2572216E-01   -0.2572216E-01   -0.1545021E-01    0.0000000E+00    0.2500915E-01    0.3438891E-01   -0.8093192E-02    0.4433323E-02    0.1025579E-01    0.4145187E-01   -0.2172772E-01    0.6935387E-01    0.1202428E+00    0.1350468E+00    0.1197850E+00    0.9722101E-01    0.8228160E-01    0.7846636E-01   -0.2145269E-01    0.4445080E-01    0.4445250E-01   -0.4435002E-01   -0.3764526E-01   -0.4528654E-01    0.9490238E-02    0.2205835E-01    0.2736795E-02    0.3153386E-01    0.5886631E-02    0.1298892E-02   -0.9440749E-02   -0.1545023E-01   -0.1545024E-01    0.1898005E-01    0.1814497E-01    0.2498026E-01    0.3542048E-01   -0.3189829E-01   -0.2570421E-01    0.1109420E-01    0.4649269E-01   -0.5772454E-02   -0.2255182E-01    0.2826046E-02    0.4479847E-01   -0.1985529E-02   -0.3625697E-01   -0.1036441E-01    0.5553410E-02
   -0.1834181E-02   -0.6100286E-01    0.4423230E-01    0.1752166E-02    0.4025329E-01    0.4473898E-01   -0.1316142E-02    0.1000000E+01   -0.4767344E-01    0.6772696E-01    0.6774902E-01   -0.6774902E-01   -0.6074194E-01    0.0000000E+00    0.3447114E-02   -0.4493353E-02   -0.5861188E-01   -0.4748240E-01   -0.4094051E-01   -0.4494482E-01   -0.9228925E-03    0.4031616E-01    0.4956709E-01    0.2000945E-01    0.5294009E-01    0.5660083E-01    0.5583538E-01    0.5343572E-01    0.4473898E-01   -0.2018046E-02   -0.2019373E-02    0.2091943E-02   -0.5114229E-01   -0.4467366E-01    0.5939384E-01    0.4441905E-01    0.4669109E-01   -0.2695725E-01    0.5823622E-01   -0.5524721E-01    0.4689163E-01   -0.6074193E-01   -0.6074192E-01    0.6338983E-01    0.6347162E-01    0.6777202E-01    0.6246804E-01   -0.6735989E-01   -0.6753436E-01   -0.3984604E-01    0.2960687E-01    0.3364712E-02    0.1033183E-01    0.9573700E-02   -0.1389596E-02   -0.9614877E-02   -0.7085010E-02    0.5431354E-02    0.9454351E-02
   -0.1828132E-02   -0.1144184E+00    0.4609174E-01    0.1085899E-01    0.6903860E-01    0.7356370E-01    0.1933700E-01   -0.4767344E-01    0.1000000E+01    0.1122358E+00    0.1136594E+00   -0.1136594E+00   -0.1138224E+00    0.0000000E+00   -0.2480669E-01   -0.2457169E-01   -0.1063197E+00   -0.9174419E-01   -0.8034059E-01   -0.7961943E-01    0.5705620E-02    0.6924888E-01    0.7419832E-01    0.3153965E-01    0.8969095E-01    0.8848534E-01    0.8640199E-01    0.8264620E-01    0.7356370E-01   -0.1470536E-02   -0.1468052E-02    0.1171128E-02   -0.6567960E-01   -0.8591766E-01    0.1117514E+00    0.4640924E-01    0.9938331E-01   -0.4942941E-01    0.1094336E+00   -0.1030683E+00    0.6153989E-01   -0.1138224E+00   -0.1138223E+00    0.1165144E+00    0.1163687E+00    0.1148481E+00    0.9526141E-01   -0.1080636E+00   -0.1148063E+00   -0.8187662E-01    0.3442828E-01    0.5254483E-02    0.1142018E-01   -0.2035507E-01   -0.2857141E-02    0.4561489E-01   -0.7976287E-03    0.7457123E-02   -0.2045645E-01
    0.1004431E+00   -0.8911506E+00    0.6236434E+00   -0.5387504E-03    0.5803492E+00    0.6133273E+00    0.2976488E-01    0.6772696E-01    0.1122358E+00    0.1000000E+01    0.9800890E+00   -0.9800890E+00   -0.8789192E+00    0.0000000E+00    0.7334761E-01   -0.1080555E+00   -0.8687788E+00   -0.7187926E+00   -0.6331414E+00   -0.6452282E+00   -0.4923690E-01    0.5808028E+00    0.7554376E+00    0.3618873E+00    0.8344688E+00    0.8485260E+00    0.8313279E+00    0.7983383E+00    0.6133273E+00    0.1007799E+00    0.1007829E+00   -0.1008251E+00   -0.7728311E+00   -0.7465432E+00    0.8473908E+00    0.6248449E+00    0.6686571E+00   -0.2841474E+00    0.8212110E+00   -0.7571601E+00    0.5848731E+00   -0.8789191E+00   -0.8789190E+00    0.9283142E+00    0.9264671E+00    0.9928178E+00    0.9397122E+00   -0.9949742E+00   -0.9834583E+00   -0.6182324E+00    0.3912453E+00   -0.5973023E-01    0.3999597E-01   -0.1747626E-01    0.9953087E-01   -0.9661965E-02    0.9877650E-02   -0.4788252E-01   -0.1133131E-01
    0.1993613E-01   -0.9495792E+00    0.5019167E+00    0.4637788E-02    0.5382087E+00    0.6193484E+00    0.2572216E-01    0.6774902E-01    0.1136594E+00    0.9800890E+00    0.1000000E+01   -0.1000000E+01   -0.9423095E+00    0.0000000E+00   -0.8702078E-01   -0.1991252E+00   -0.9184421E+00   -0.7849320E+00   -0.6961379E+00   -0.7025598E+00   -0.4428663E-01    0.5379214E+00    0.6923646E+00    0.3091040E+00    0.8022690E+00    0.8040717E+00    0.7845258E+00    0.7415665E+00    0.6193484E+00    0.2043220E-01    0.2043553E-01   -0.2058157E-01   -0.6554481E+00   -0.7336627E+00    0.9168699E+00    0.5041964E+00    0.7768883E+00   -0.3790652E+00    0.8953396E+00   -0.8400022E+00    0.5684622E+00   -0.9423095E+00   -0.9423095E+00    0.9690022E+00    0.9682222E+00    0.9872331E+00    0.8596532E+00   -0.9630573E+00   -0.9989976E+00   -0.6871454E+00    0.3087695E+00   -0.9042745E-01    0.3743519E-01   -0.2178771E-01    0.1881534E-01   -0.7508119E-01    0.1345046E-01   -0.7751560E-01   -0.2055958E-01
   -0.1993613E-01    0.9495792E+00   -0.5019167E+00   -0.4637788E-02   -0.5382087E+00   -0.6193484E+00   -0.2572216E-01   -0.6774902E-01   -0.1136594E+00   -0.9800890E+00   -0.1000000E+01    0.1000000E+01    0.9423095E+00    0.0000000E+00    0.8702078E-01    0.1991252E+00    0.9184421E+00    0.7849320E+00    0.6961379E+00    0.7025598E+00    0.4428663E-01   -0.5379214E+00   -0.6923646E+00   -0.3091040E+00   -0.8022690E+00   -0.8040717E+00   -0.7845258E+00   -0.7415665E+00   -0.6193484E+00   -0.2043220E-01   -0.2043553E-01    0.2058157E-01    0.6554481E+00    0.7336627E+00   -0.9168699E+00   -0.5041964E+00   -0.7768883E+00    0.3790652E+00   -0.8953396E+00    0.8400022E+00   -0.5684622E+00    0.9423095E+00    0.9423095E+00   -0.9690022E+00   -0.9682222E+00   -0.9872331E+00   -0.8596532E+00    0.9630573E+00    0.9989976E+00    0.6871454E+00   -0.3087695E+00    0.9042745E-01   -0.3743519E-01    0.2178771E-01   -0.1881534E-01    0.7508119E-01   -0.1345046E-01    0.7751560E-01    0.2055958E-01
    0.1274806E+00    0.9978161E+00   -0.2169415E+00   -0.1780966E-01   -0.4318962E+00   -0.5944839E+00   -0.1545021E-01   -0.6074194E-01   -0.1138224E+00   -0.8789192E+00   -0.9423095E+00    0.9423095E+00    0.1000000E+01    0.0000000E+00    0.4086174E+00    0.3753091E+00    0.9446396E+00    0.8621110E+00    0.7751696E+00    0.7617108E+00    0.2855148E-01   -0.4325856E+00   -0.5365294E+00   -0.1935421E+00   -0.6991086E+00   -0.6734017E+00   -0.6508092E+00   -0.6016051E+00   -0.5944839E+00    0.1269688E+00    0.1269649E+00   -0.1266735E+00    0.3775977E+00    0.6673078E+00   -0.9921323E+00   -0.2210585E+00   -0.9414992E+00    0.5295272E+00   -0.9802701E+00    0.9420728E+00   -0.4850074E+00    0.1000000E+01    0.1000000E+01   -0.9919299E+00   -0.9923551E+00   -0.9190237E+00   -0.6637455E+00    0.8302021E+00    0.9460140E+00    0.7923049E+00   -0.1128415E+00    0.3882229E-01   -0.3385872E-01    0.2006655E-01    0.1284838E+00    0.1061434E-01   -0.1527705E-01    0.2941334E-01    0.2784571E-01
    0.0000000E+00    0.0000000E+00    0.0000000E+00    0.0000000E+00    0.0000000E+00    0.0000000E+00    0.0000000E+00    0.0000000E+00    0.0000000E+00    0.0000000E+00    0.0000000E+00    0.0000000E+00    0.0000000E+00    0.0000000E+00    0.0000000E+00    0.0000000E+00    0.0000000E+00    0.0000000E+00    0.0000000E+00    0.0000000E+00    0.0000000E+00    0.0000000E+00    0.0000000E+00    0.0000000E+00    0.0000000E+00    0.0000000E+00    0.0000000E+00    0.0000000E+00    0.0000000E+00    0.0000000E+00    0.0000000E+00    0.0000000E+00    0.0000000E+00    0.0000000E+00    0.0000000E+00    0.0000000E+00    0.0000000E+00    0.0000000E+00    0.0000000E+00    0.0000000E+00    0.0000000E+00    0.0000000E+00    0.0000000E+00    0.0000000E+00    0.0000000E+00    0.0000000E+00    0.0000000E+00    0.0000000E+00    0.0000000E+00    0.0000000E+00    0.0000000E+00    0.0000000E+00    0.0000000E+00    0.0000000E+00    0.0000000E+00    0.0000000E+00    0.0000000E+00    0.0000000E+00    0.0000000E+00
    0.4579227E+00    0.3806981E+00    0.7424888E+00   -0.3904922E-01    0.2069873E+00   -0.7027633E-01    0.2500915E-01    0.3447114E-02   -0.2480669E-01    0.7334761E-01   -0.8702078E-01    0.8702078E-01    0.4086174E+00    0.0000000E+00    0.1000000E+01    0.5861236E+00    0.3120980E+00    0.4306206E+00    0.4141644E+00    0.3591843E+00   -0.3526036E-01    0.2055455E+00    0.3232094E+00    0.2875623E+00    0.1329387E+00    0.2147518E+00    0.2290104E+00    0.2680985E+00   -0.7027633E-01    0.4575484E+00    0.4575460E+00   -0.4570191E+00   -0.6884816E+00   -0.3198444E-01   -0.4548101E+00    0.7361773E+00   -0.6916855E+00    0.5631592E+00   -0.4800167E+00    0.5215320E+00    0.1059110E+00    0.4086174E+00    0.4086175E+00   -0.3023815E+00   -0.3065088E+00   -0.2658738E-01    0.4026822E+00   -0.1677295E+00    0.9220014E-01    0.4828300E+00    0.5211886E+00   -0.3650884E-01    0.5314568E-02    0.7035898E-02    0.4581919E+00   -0.5341120E-01   -0.1158007E-01   -0.3342428E-01    0.3500959E-01
   -0.4312507E-01    0.3805478E+00    0.4674959E+00    0.6277628E+00    0.6287429E+00    0.1185058E+00    0.3438891E-01   -0.4493353E-02   -0.2457169E-01   -0.1080555E+00   -0.1991252E+00    0.1991252E+00    0.3753091E+00    0.0000000E+00    0.5861236E+00    0.1000000E+01    0.5682159E+00    0.7617840E+00    0.8373028E+00    0.6029504E+00    0.6458533E+00    0.6273025E+00   -0.8185383E-01   -0.1829537E+00   -0.3301827E+00   -0.1053694E+00   -0.4247179E-01    0.2961927E-01    0.1185058E+00   -0.4386189E-01   -0.4386503E-01    0.4441321E-01   -0.2913777E+00    0.3198907E+00   -0.3620345E+00    0.4670879E+00   -0.5133845E+00    0.1209065E+00   -0.3508129E+00    0.3229843E+00    0.2491624E+00    0.3753091E+00    0.3753091E+00   -0.3224020E+00   -0.3173957E+00   -0.1457259E+00    0.9550239E-01    0.5179150E-01    0.2029674E+00    0.8442388E+00    0.8696782E+00   -0.5860712E-02    0.1637443E+00    0.4011558E-01   -0.4109792E-01   -0.4642641E-01   -0.1687163E-01    0.3001621E-01    0.3745990E-01
   -0.3486927E-01    0.9529185E+00   -0.2318406E+00    0.2452467E+00   -0.2049242E+00   -0.4764291E+00   -0.8093192E-02   -0.5861188E-01   -0.1063197E+00   -0.8687788E+00   -0.9184421E+00    0.9184421E+00    0.9446396E+00    0.0000000E+00    0.3120980E+00    0.5682159E+00    0.1000000E+01    0.9658138E+00    0.9209415E+00    0.8325186E+00    0.2939837E+00   -0.2058915E+00   -0.6174546E+00   -0.3330867E+00   -0.8088925E+00   -0.7206954E+00   -0.6793357E+00   -0.6161609E+00   -0.4764291E+00   -0.3556509E-01   -0.3556919E-01    0.3591132E-01    0.4326673E+00    0.7473294E+00   -0.9182098E+00   -0.2339180E+00   -0.8620939E+00    0.3673905E+00   -0.8955018E+00    0.8374064E+00   -0.3764649E+00    0.9446396E+00    0.9446395E+00   -0.9466034E+00   -0.9438534E+00   -0.8906569E+00   -0.6866206E+00    0.8303357E+00    0.9207741E+00    0.9181190E+00    0.8826714E-01    0.5671554E-01    0.3402469E-01    0.3391380E-01   -0.3313760E-01    0.2180428E-01   -0.1782171E-01    0.6110665E-01    0.3176686E-01
   -0.4113789E-01    0.8702870E+00   -0.3550608E-01    0.3895178E+00    0.3482116E-01   -0.3387032E+00    0.4433323E-02   -0.4748240E-01   -0.9174419E-01   -0.7187926E+00   -0.7849320E+00    0.7849320E+00    0.8621110E+00    0.0000000E+00    0.4306206E+00    0.7617840E+00    0.9658138E+00    0.1000000E+01    0.9883768E+00    0.8448766E+00    0.4336069E+00    0.3348847E-01   -0.5126357E+00   -0.3199456E+00   -0.7413818E+00   -0.6013085E+00   -0.5490287E+00   -0.4770540E+00   -0.3387032E+00   -0.4190419E-01   -0.4190841E-01    0.4234748E-01    0.2493889E+00    0.6894538E+00   -0.8373921E+00   -0.3727095E-01   -0.8408170E+00    0.3273902E+00   -0.8159637E+00    0.7613111E+00   -0.2182521E+00    0.8621110E+00    0.8621110E+00   -0.8476686E+00   -0.8438925E+00   -0.7481661E+00   -0.5120794E+00    0.6704216E+00    0.7886011E+00    0.9890281E+00    0.3427649E+00    0.3875645E-01    0.7781513E-01    0.3885462E-01   -0.3916105E-01   -0.6340822E-02   -0.1911939E-01    0.5360873E-01    0.3632183E-01
   -0.8932697E-01    0.7860066E+00    0.2025506E-01    0.4907732E+00    0.1725300E+00   -0.2441095E+00    0.1025579E-01   -0.4094051E-01   -0.8034059E-01   -0.6331414E+00   -0.6961379E+00    0.6961379E+00    0.7751696E+00    0.0000000E+00    0.4141644E+00    0.8373028E+00    0.9209415E+00    0.9883768E+00    0.1000000E+01    0.8249087E+00    0.5317646E+00    0.1711487E+00   -0.4785105E+00   -0.3411952E+00   -0.7150857E+00   -0.5480290E+00   -0.4895725E+00   -0.4145842E+00   -0.2441095E+00   -0.9012716E-01   -0.9013126E-01    0.9059299E-01    0.1982972E+00    0.6595232E+00   -0.7468516E+00    0.1928599E-01   -0.7661487E+00    0.2496569E+00   -0.7236994E+00    0.6669847E+00   -0.1272886E+00    0.7751696E+00    0.7751696E+00   -0.7598950E+00   -0.7550502E+00   -0.6578225E+00   -0.4402377E+00    0.5874123E+00    0.6997538E+00    0.9958047E+00    0.4611734E+00    0.3612353E-01    0.1068265E+00    0.4242661E-01   -0.8716449E-01   -0.1332999E-01   -0.1916462E-01    0.5741690E-01    0.3694760E-01
   -0.3108619E-01    0.7685843E+00   -0.5860981E-01    0.4652778E+00    0.9491653E-01   -0.6986128E+00    0.4145187E-01   -0.4494482E-01   -0.7961943E-01   -0.6452282E+00   -0.7025598E+00    0.7025598E+00    0.7617108E+00    0.0000000E+00    0.3591843E+00    0.6029504E+00    0.8325186E+00    0.8448766E+00    0.8249087E+00    0.1000000E+01    0.5062516E+00    0.9329141E-01   -0.5428086E+00    0.1010624E+00   -0.5494231E+00   -0.6642225E+00   -0.6978066E+00   -0.6729815E+00   -0.6986128E+00   -0.3198941E-01   -0.3199210E-01    0.3230243E-01    0.2413901E+00    0.6054402E+00   -0.7401433E+00   -0.6024102E-01   -0.7345830E+00    0.2937356E+00   -0.7216309E+00    0.6739942E+00   -0.2141509E+00    0.7617108E+00    0.7617108E+00   -0.7505261E+00   -0.7475537E+00   -0.6698435E+00   -0.4675566E+00    0.6049991E+00    0.7048359E+00    0.8260393E+00    0.2307337E+00    0.6972100E-01    0.8627252E-01    0.3954979E-01   -0.2905009E-01    0.8934251E-02   -0.1157874E-01    0.8477515E-01    0.3763236E-01
   -0.1007318E+00    0.3543987E-01   -0.2120887E-01    0.9941641E+00    0.7120302E+00    0.3464487E-01   -0.2172772E-01   -0.9228925E-03    0.5705620E-02   -0.4923690E-01   -0.4428663E-01    0.4428663E-01    0.2855148E-01    0.0000000E+00   -0.3526036E-01    0.6458533E+00    0.2939837E+00    0.4336069E+00    0.5317646E+00    0.5062516E+00    0.1000000E+01    0.7101485E+00   -0.4963199E+00   -0.2869052E+00   -0.4326574E+00   -0.4166741E+00   -0.3768644E+00   -0.3313406E+00    0.3464487E-01   -0.1017221E+00   -0.1017232E+00    0.1020641E+00    0.5855198E-01    0.9849794E-01   -0.1531444E-01   -0.2011885E-01   -0.9187246E-02   -0.7444733E-01   -0.7232520E-02   -0.8942564E-02    0.4412862E-01    0.2855147E-01    0.2855147E-01   -0.3380918E-01   -0.3177538E-01   -0.3977336E-01   -0.5630301E-01    0.5244152E-01    0.4391679E-01    0.4945689E+00    0.6068043E+00    0.1098887E-01    0.1902579E+00    0.4636510E-01   -0.9836688E-01   -0.3686432E-02   -0.9568363E-02    0.5173593E-01    0.4018738E-01
   -0.4062731E-01   -0.4326078E+00    0.5443159E+00    0.7352518E+00    0.9995027E+00    0.4250966E+00    0.6935387E-01    0.4031616E-01    0.6924888E-01    0.5808028E+00    0.5379214E+00   -0.5379214E+00   -0.4325856E+00    0.0000000E+00    0.2055455E+00    0.6273025E+00   -0.2058915E+00    0.3348847E-01    0.1711487E+00    0.9329141E-01    0.7101485E+00    0.1000000E+01    0.2475951E+00    0.9657418E-01    0.2481385E+00    0.3271731E+00    0.3457099E+00    0.3704199E+00    0.4250966E+00   -0.4116183E-01   -0.4116133E-01    0.4146073E-01   -0.5502105E+00   -0.2989764E+00    0.4283482E+00    0.5459877E+00    0.2668026E+00   -0.2171364E+00    0.4221400E+00   -0.4035871E+00    0.5077922E+00   -0.4325856E+00   -0.4325855E+00    0.4777737E+00    0.4800719E+00    0.5730653E+00    0.6021402E+00   -0.5909471E+00   -0.5413080E+00    0.1585230E+00    0.8850244E+00   -0.6580799E-02    0.2069592E+00    0.2659544E-01   -0.3927610E-01    0.7390787E-02   -0.2945809E-02    0.3872483E-01    0.2409972E-01
    0.3270491E-01   -0.5420907E+00    0.7240498E+00   -0.4739052E+00    0.2479071E+00    0.4506220E+00    0.1202428E+00    0.4956709E-01    0.7419832E-01    0.7554376E+00    0.6923646E+00   -0.6923646E+00   -0.5365294E+00    0.0000000E+00    0.3232094E+00   -0.8185383E-01   -0.6174546E+00   -0.5126357E+00   -0.4785105E+00   -0.5428086E+00   -0.4963199E+00    0.2475951E+00    0.1000000E+01    0.5274280E+00    0.8923983E+00    0.9770959E+00    0.9404500E+00    0.9060912E+00    0.4506220E+00    0.3338600E-01    0.3338838E-01   -0.3346195E-01   -0.7517797E+00   -0.4346691E+00    0.5208619E+00    0.7251763E+00    0.3052140E+00   -0.1978238E+00    0.5069863E+00   -0.4717250E+00    0.6081888E+00   -0.5365294E+00   -0.5365293E+00    0.6004808E+00    0.6019642E+00    0.7353428E+00    0.8011006E+00   -0.7746429E+00   -0.6959079E+00   -0.4426661E+00    0.2721295E+00   -0.2026643E-01   -0.8910514E-01   -0.2773621E-01    0.3128100E-01    0.1230999E-01    0.1253742E-01   -0.3854800E-01   -0.2572494E-01
    0.4979985E-01   -0.1980790E+00    0.4495081E+00   -0.2807894E+00    0.9716442E-01   -0.4477704E+00    0.1350468E+00    0.2000945E-01    0.3153965E-01    0.3618873E+00    0.3091040E+00   -0.3091040E+00   -0.1935421E+00    0.0000000E+00    0.2875623E+00   -0.1829537E+00   -0.3330867E+00   -0.3199456E+00   -0.3411952E+00    0.1010624E+00   -0.2869052E+00    0.9657418E-01    0.5274280E+00    0.1000000E+01    0.7262238E+00    0.4048382E+00    0.2473167E+00    0.1602263E+00   -0.4477704E+00    0.4996719E-01    0.4996978E-01   -0.5012647E-01   -0.4439583E+00   -0.1851832E+00    0.1836568E+00    0.4494913E+00    0.4762761E-01   -0.3880742E-01    0.1757877E+00   -0.1578137E+00    0.3233629E+00   -0.1935421E+00   -0.1935420E+00    0.2384533E+00    0.2391519E+00    0.3410180E+00    0.4289040E+00   -0.3832730E+00   -0.3106514E+00   -0.3040983E+00   -0.2161899E-01    0.3574209E-01   -0.3952010E-01   -0.1303540E-01    0.4916440E-01    0.9948435E-02    0.1500453E-01    0.2527070E-01   -0.9984195E-02
    0.1145734E+00   -0.7111472E+00    0.5714186E+00   -0.3982075E+00    0.2482467E+00    0.2511340E+00    0.1197850E+00    0.5294009E-01    0.8969095E-01    0.8344688E+00    0.8022690E+00   -0.8022690E+00   -0.6991086E+00    0.0000000E+00    0.1329387E+00   -0.3301827E+00   -0.8088925E+00   -0.7413818E+00   -0.7150857E+00   -0.5494231E+00   -0.4326574E+00    0.2481385E+00    0.8923983E+00    0.7262238E+00    0.1000000E+01    0.8828310E+00    0.7978671E+00    0.7316290E+00    0.2511340E+00    0.1151702E+00    0.1151740E+00   -0.1153692E+00   -0.6888606E+00   -0.6200319E+00    0.6695859E+00    0.5719788E+00    0.5041733E+00   -0.1961571E+00    0.6461717E+00   -0.5903856E+00    0.4937264E+00   -0.6991086E+00   -0.6991085E+00    0.7472911E+00    0.7455329E+00    0.8216589E+00    0.8094238E+00   -0.8352079E+00   -0.8065701E+00   -0.6847046E+00    0.8628062E-01   -0.1525255E-01   -0.7893214E-01   -0.3091735E-01    0.1129898E+00    0.1666648E-01    0.1890438E-01   -0.3158854E-01   -0.2390161E-01
    0.2525704E-01   -0.6793301E+00    0.6876141E+00   -0.3856717E+00    0.3271599E+00    0.6045259E+00    0.9722101E-01    0.5660083E-01    0.8848534E-01    0.8485260E+00    0.8040717E+00   -0.8040717E+00   -0.6734017E+00    0.0000000E+00    0.2147518E+00   -0.1053694E+00   -0.7206954E+00   -0.6013085E+00   -0.5480290E+00   -0.6642225E+00   -0.4166741E+00    0.3271731E+00    0.9770959E+00    0.4048382E+00    0.8828310E+00    0.1000000E+01    0.9838521E+00    0.9546864E+00    0.6045259E+00    0.2596765E-01    0.2597021E-01   -0.2606159E-01   -0.7512933E+00   -0.5335294E+00    0.6554249E+00    0.6891777E+00    0.4532760E+00   -0.2617872E+00    0.6391934E+00   -0.5972673E+00    0.6232556E+00   -0.6734017E+00   -0.6734016E+00    0.7299440E+00    0.7308984E+00    0.8365701E+00    0.8492171E+00   -0.8571412E+00   -0.8076292E+00   -0.5207296E+00    0.3056059E+00   -0.4919260E-01   -0.6364657E-01   -0.2861487E-01    0.2378521E-01    0.4451116E-02    0.1211277E-01   -0.6041599E-01   -0.2705849E-01
    0.7265591E-01   -0.6597517E+00    0.6713086E+00   -0.3433538E+00    0.3454957E+00    0.7221824E+00    0.8228160E-01    0.5583538E-01    0.8640199E-01    0.8313279E+00    0.7845258E+00   -0.7845258E+00   -0.6508092E+00    0.0000000E+00    0.2290104E+00   -0.4247179E-01   -0.6793357E+00   -0.5490287E+00   -0.4895725E+00   -0.6978066E+00   -0.3768644E+00    0.3457099E+00    0.9404500E+00    0.2473167E+00    0.7978671E+00    0.9838521E+00    0.1000000E+01    0.9907557E+00    0.7221824E+00    0.7336645E-01    0.7336850E-01   -0.7341802E-01   -0.7480058E+00   -0.5518695E+00    0.6274416E+00    0.6722557E+00    0.4299893E+00   -0.2117606E+00    0.6081870E+00   -0.5608882E+00    0.5758613E+00   -0.6508092E+00   -0.6508091E+00    0.7081210E+00    0.7080621E+00    0.8149318E+00    0.8384051E+00   -0.8414862E+00   -0.7880080E+00   -0.4642036E+00    0.3570249E+00   -0.6120395E-01   -0.4980723E-01   -0.2910537E-01    0.7114594E-01    0.4084508E-02    0.9044264E-02   -0.6878656E-01   -0.2465312E-01
    0.1294610E+00   -0.6140203E+00    0.6631709E+00   -0.2969282E+00    0.3700162E+00    0.7705041E+00    0.7846636E-01    0.5343572E-01    0.8264620E-01    0.7983383E+00    0.7415665E+00   -0.7415665E+00   -0.6016051E+00    0.0000000E+00    0.2680985E+00    0.2961927E-01   -0.6161609E+00   -0.4770540E+00   -0.4145842E+00   -0.6729815E+00   -0.3313406E+00    0.3704199E+00    0.9060912E+00    0.1602263E+00    0.7316290E+00    0.9546864E+00    0.9907557E+00    0.1000000E+01    0.7705041E+00    0.1301025E+00    0.1301042E+00   -0.1301066E+00   -0.7474455E+00   -0.5568955E+00    0.5723474E+00    0.6633216E+00    0.3768114E+00   -0.1425007E+00    0.5499354E+00   -0.4974738E+00    0.5212282E+00   -0.6016051E+00   -0.6016050E+00    0.6617238E+00    0.6605775E+00    0.7753582E+00    0.8227168E+00   -0.8109247E+00   -0.7464578E+00   -0.3905682E+00    0.4069884E+00   -0.2720397E-01   -0.3576246E-01   -0.2771052E-01    0.1280111E+00    0.2493016E-01    0.6419304E-02   -0.3353083E-01   -0.1978840E-01
    0.9024221E-02   -0.5988336E+00    0.3022523E+00    0.7061561E-01    0.4238824E+00    0.1000000E+01   -0.2145269E-01    0.4473898E-01    0.7356370E-01    0.6133273E+00    0.6193484E+00   -0.6193484E+00   -0.5944839E+00    0.0000000E+00   -0.7027633E-01    0.1185058E+00   -0.4764291E+00   -0.3387032E+00   -0.2441095E+00   -0.6986128E+00    0.3464487E-01    0.4250966E+00    0.4506220E+00   -0.4477704E+00    0.2511340E+00    0.6045259E+00    0.7221824E+00    0.7705041E+00    0.1000000E+01    0.9351483E-02    0.9351893E-02   -0.9248876E-02   -0.4000838E+00   -0.4607405E+00    0.5797710E+00    0.3037411E+00    0.4958705E+00   -0.2425625E+00    0.5664733E+00   -0.5314653E+00    0.3516182E+00   -0.5944839E+00   -0.5944839E+00    0.6117694E+00    0.6112139E+00    0.6202990E+00    0.5372228E+00   -0.5987666E+00   -0.6222775E+00   -0.2558190E+00    0.4303991E+00   -0.6196323E-01    0.6280036E-01   -0.8795598E-02    0.8537802E-02   -0.9802368E-03   -0.2454319E-02   -0.4504565E-01   -0.8242236E-02
    0.9997347E+00    0.6119067E-01    0.6812181E-01   -0.6194052E-01   -0.4226986E-01    0.9351483E-02    0.4445080E-01   -0.2018046E-02   -0.1470536E-02    0.1007799E+00    0.2043220E-01   -0.2043220E-01    0.1269688E+00    0.0000000E+00    0.4575484E+00   -0.4386189E-01   -0.3556509E-01   -0.4190419E-01   -0.9012716E-01   -0.3198941E-01   -0.1017221E+00   -0.4116183E-01    0.3338600E-01    0.4996719E-01    0.1151702E+00    0.2596765E-01    0.7336645E-01    0.1301025E+00    0.9351483E-02    0.1000000E+01    0.1000000E+01   -0.9998886E+00   -0.3628653E+00   -0.6538215E+00   -0.2475716E+00    0.5607716E-01   -0.2696696E+00    0.9084690E+00   -0.3189147E+00    0.4520146E+00   -0.6293321E+00    0.1269688E+00    0.1269689E+00   -0.7462296E-01   -0.9510663E-01   -0.9152180E-03    0.2486857E+00   -0.1408326E+00   -0.2079663E-01   -0.4483718E-01   -0.3180629E-01   -0.1502411E-01   -0.3433175E-01   -0.4244693E-01    0.9974268E+00    0.1615369E-01   -0.6428285E-03   -0.2168289E-01    0.1865610E-01
    0.9997346E+00    0.6118680E-01    0.6812164E-01   -0.6194167E-01   -0.4226929E-01    0.9351893E-02    0.4445250E-01   -0.2019373E-02   -0.1468052E-02    0.1007829E+00    0.2043553E-01   -0.2043553E-01    0.1269649E+00    0.0000000E+00    0.4575460E+00   -0.4386503E-01   -0.3556919E-01   -0.4190841E-01   -0.9013126E-01   -0.3199210E-01   -0.1017232E+00   -0.4116133E-01    0.3338838E-01    0.4996978E-01    0.1151740E+00    0.2597021E-01    0.7336850E-01    0.1301042E+00    0.9351893E-02    0.1000000E+01    0.1000000E+01   -0.9998887E+00   -0.3628660E+00   -0.6538244E+00   -0.2475679E+00    0.5607700E-01   -0.2696657E+00    0.9084673E+00   -0.3189110E+00    0.4520111E+00   -0.6293313E+00    0.1269650E+00    0.1269650E+00   -0.7461927E-01   -0.9510296E-01   -0.9120605E-03    0.2486877E+00   -0.1408353E+00   -0.2079999E-01   -0.4484134E-01   -0.3180763E-01   -0.1502468E-01   -0.3433586E-01   -0.4245404E-01    0.9974263E+00    0.1615510E-01   -0.6455460E-03   -0.2168432E-01    0.1864899E-01
   -0.9994288E+00   -0.6091389E-01   -0.6784453E-01    0.6227298E-01    0.4257265E-01   -0.9248876E-02   -0.4435002E-01    0.2091943E-02    0.1171128E-02   -0.1008251E+00   -0.2058157E-01    0.2058157E-01   -0.1266735E+00    0.0000000E+00   -0.4570191E+00    0.4441321E-01    0.3591132E-01    0.4234748E-01    0.9059299E-01    0.3230243E-01    0.1020641E+00    0.4146073E-01   -0.3346195E-01   -0.5012647E-01   -0.1153692E+00   -0.2606159E-01   -0.7341802E-01   -0.1301066E+00   -0.9248876E-02   -0.9998886E+00   -0.9998887E+00    0.1000000E+01    0.3625929E+00    0.6539900E+00    0.2472589E+00   -0.5580381E-01    0.2692666E+00   -0.9081830E+00    0.3186047E+00   -0.4516960E+00    0.6294506E+00   -0.1266735E+00   -0.1266736E+00    0.7439457E-01    0.9487671E-01    0.8200612E-03   -0.2485419E+00    0.1408424E+00    0.2094229E-01    0.4531249E-01    0.3226918E-01    0.1494944E-01    0.3467031E-01    0.5446256E-01   -0.9965280E+00   -0.1610498E-01    0.6734183E-03    0.2168567E-01   -0.6628768E-02
   -0.3627993E+00    0.4041399E+00   -0.9254735E+00    0.2567546E-01   -0.5506419E+00   -0.4000838E+00   -0.3764526E-01   -0.5114229E-01   -0.6567960E-01   -0.7728311E+00   -0.6554481E+00    0.6554481E+00    0.3775977E+00    0.0000000E+00   -0.6884816E+00   -0.2913777E+00    0.4326673E+00    0.2493889E+00    0.1982972E+00    0.2413901E+00    0.5855198E-01   -0.5502105E+00   -0.7517797E+00   -0.4439583E+00   -0.6888606E+00   -0.7512933E+00   -0.7480058E+00   -0.7474455E+00   -0.4000838E+00   -0.3628653E+00   -0.3628660E+00    0.3625929E+00    0.1000000E+01    0.5611314E+00   -0.3260764E+00   -0.9223500E+00   -0.4537200E-01   -0.1508563E+00   -0.2911407E+00    0.2181889E+00   -0.4933776E+00    0.3775977E+00    0.3775975E+00   -0.4822758E+00   -0.4782840E+00   -0.7045881E+00   -0.9394963E+00    0.8295178E+00    0.6547972E+00    0.1441556E+00   -0.6123909E+00    0.8869745E-01   -0.3013606E-01    0.1085948E-01   -0.3621792E+00    0.3692401E-01    0.3926651E-03    0.7746209E-01   -0.1131148E-01
   -0.6533252E+00    0.7150249E+00   -0.2169733E+00    0.3325812E-01   -0.2975507E+00   -0.4607405E+00   -0.4528654E-01   -0.4467366E-01   -0.8591766E-01   -0.7465432E+00   -0.7336627E+00    0.7336627E+00    0.6673078E+00    0.0000000E+00   -0.3198444E-01    0.3198907E+00    0.7473294E+00    0.6894538E+00    0.6595232E+00    0.6054402E+00    0.9849794E-01   -0.2989764E+00   -0.4346691E+00   -0.1851832E+00   -0.6200319E+00   -0.5335294E+00   -0.5518695E+00   -0.5568955E+00   -0.4607405E+00   -0.6538215E+00   -0.6538244E+00    0.6539900E+00    0.5611314E+00    0.1000000E+01   -0.5711028E+00   -0.2110747E+00   -0.5157751E+00   -0.2780625E+00   -0.5085065E+00    0.3792047E+00    0.1021521E+00    0.6673078E+00    0.6673077E+00   -0.7011502E+00   -0.6860847E+00   -0.7009982E+00   -0.6940796E+00    0.7394299E+00    0.7370855E+00    0.6388818E+00   -0.6156466E-01    0.4069384E-01    0.7975592E-04    0.4538470E-01   -0.6509260E+00   -0.8938238E-02   -0.1100089E-01    0.3855510E-01    0.5444934E-02
   -0.2480700E+00   -0.9818680E+00    0.2050521E+00    0.2504395E-01    0.4276694E+00    0.5797710E+00    0.9490238E-02    0.5939384E-01    0.1117514E+00    0.8473908E+00    0.9168699E+00   -0.9168699E+00   -0.9921323E+00    0.0000000E+00   -0.4548101E+00   -0.3620345E+00   -0.9182098E+00   -0.8373921E+00   -0.7468516E+00   -0.7401433E+00   -0.1531444E-01    0.4283482E+00    0.5208619E+00    0.1836568E+00    0.6695859E+00    0.6554249E+00    0.6274416E+00    0.5723474E+00    0.5797710E+00   -0.2475716E+00   -0.2475679E+00    0.2472589E+00   -0.3260764E+00   -0.5711028E+00    0.1000000E+01    0.2105658E+00    0.9527734E+00   -0.6295218E+00    0.9972317E+00   -0.9760465E+00    0.5528630E+00   -0.9921323E+00   -0.9921323E+00    0.9793133E+00    0.9822109E+00    0.8995406E+00    0.6206114E+00   -0.7947176E+00   -0.9212234E+00   -0.7699021E+00    0.1134153E+00   -0.3507610E-01    0.3807028E-01   -0.1561848E-01   -0.2488261E+00   -0.7173134E-03    0.1468625E-01   -0.2495089E-01   -0.3076747E-01
    0.5601735E-01   -0.2261830E+00    0.9999235E+00   -0.1036216E-01    0.5472865E+00    0.3037411E+00    0.2205835E-01    0.4441905E-01    0.4640924E-01    0.6248449E+00    0.5041964E+00   -0.5041964E+00   -0.2210585E+00    0.0000000E+00    0.7361773E+00    0.4670879E+00   -0.2339180E+00   -0.3727095E-01    0.1928599E-01   -0.6024102E-01   -0.2011885E-01    0.5459877E+00    0.7251763E+00    0.4494913E+00    0.5719788E+00    0.6891777E+00    0.6722557E+00    0.6633216E+00    0.3037411E+00    0.5607716E-01    0.5607700E-01   -0.5580381E-01   -0.9223500E+00   -0.2110747E+00    0.2105658E+00    0.1000000E+01   -0.9621950E-01   -0.4549620E-01    0.2016775E+00   -0.1808657E+00    0.7007976E+00   -0.2210584E+00   -0.2210583E+00    0.3229021E+00    0.3264884E+00    0.5742105E+00    0.8181232E+00   -0.6883988E+00   -0.5016180E+00    0.6996124E-01    0.7053937E+00   -0.7320977E-01    0.3940529E-01    0.7600474E-03    0.5603547E-01   -0.5768852E-01   -0.3944717E-02   -0.6078107E-01    0.4181506E-02
   -0.2701557E+00   -0.9294448E+00   -0.1018114E+00    0.2886294E-01    0.2657303E+00    0.4958705E+00    0.2736795E-02    0.4669109E-01    0.9938331E-01    0.6686571E+00    0.7768883E+00   -0.7768883E+00   -0.9414992E+00    0.0000000E+00   -0.6916855E+00   -0.5133845E+00   -0.8620939E+00   -0.8408170E+00   -0.7661487E+00   -0.7345830E+00   -0.9187246E-02    0.2668026E+00    0.3052140E+00    0.4762761E-01    0.5041733E+00    0.4532760E+00    0.4299893E+00    0.3768114E+00    0.4958705E+00   -0.2696696E+00   -0.2696657E+00    0.2692666E+00   -0.4537200E-01   -0.5157751E+00    0.9527734E+00   -0.9621950E-01    0.1000000E+01   -0.6269788E+00    0.9527290E+00   -0.9376579E+00    0.3453337E+00   -0.9414992E+00   -0.9414992E+00    0.8967605E+00    0.8986022E+00    0.7374716E+00    0.3776706E+00   -0.5952506E+00   -0.7821371E+00   -0.8053574E+00   -0.1033394E+00   -0.9842665E-02    0.2712872E-01   -0.1604240E-01   -0.2709262E+00    0.1730399E-01    0.1617937E-01   -0.3427575E-02   -0.3254035E-01
    0.9087305E+00    0.4723482E+00   -0.3346015E-01   -0.5994005E-01   -0.2177577E+00   -0.2425625E+00    0.3153386E-01   -0.2695725E-01   -0.4942941E-01   -0.2841474E+00   -0.3790652E+00    0.3790652E+00    0.5295272E+00    0.0000000E+00    0.5631592E+00    0.1209065E+00    0.3673905E+00    0.3273902E+00    0.2496569E+00    0.2937356E+00   -0.7444733E-01   -0.2171364E+00   -0.1978238E+00   -0.3880742E-01   -0.1961571E+00   -0.2617872E+00   -0.2117606E+00   -0.1425007E+00   -0.2425625E+00    0.9084690E+00    0.9084673E+00   -0.9081830E+00   -0.1508563E+00   -0.2780625E+00   -0.6295218E+00   -0.4549620E-01   -0.6269788E+00    0.1000000E+01   -0.6855416E+00    0.7831690E+00   -0.7426106E+00    0.5295273E+00    0.5295273E+00   -0.4817205E+00   -0.4994098E+00   -0.3881061E+00   -0.6742176E-01    0.2293884E+00    0.3804754E+00    0.2957342E+00   -0.7435184E-01    0.3660960E-02   -0.4316520E-01   -0.1788856E-01    0.9076824E+00    0.1593103E-01   -0.7057751E-02   -0.5905821E-02    0.3764207E-01
   -0.3193884E+00   -0.9651814E+00    0.1953594E+00    0.2919507E-01    0.4215595E+00    0.5664733E+00    0.5886631E-02    0.5823622E-01    0.1094336E+00    0.8212110E+00    0.8953396E+00   -0.8953396E+00   -0.9802701E+00    0.0000000E+00   -0.4800167E+00   -0.3508129E+00   -0.8955018E+00   -0.8159637E+00   -0.7236994E+00   -0.7216309E+00   -0.7232520E-02    0.4221400E+00    0.5069863E+00    0.1757877E+00    0.6461717E+00    0.6391934E+00    0.6081870E+00    0.5499354E+00    0.5664733E+00   -0.3189147E+00   -0.3189110E+00    0.3186047E+00   -0.2911407E+00   -0.5085065E+00    0.9972317E+00    0.2016775E+00    0.9527290E+00   -0.6855416E+00    0.1000000E+01   -0.9894765E+00    0.5891177E+00   -0.9802701E+00   -0.9802700E+00    0.9637285E+00    0.9681359E+00    0.8800343E+00    0.5880240E+00   -0.7666172E+00   -0.8995726E+00   -0.7497234E+00    0.1133632E+00   -0.3321060E-01    0.3980875E-01   -0.1207218E-01   -0.3199545E+00   -0.1908153E-02    0.1442447E-01   -0.2280677E-01   -0.3158041E-01
