# omegabh2 omegach2 theta tau logA ns calPlanck alpha_JLA beta_JLA
    0.1424313E-06    0.1319336E-06    0.8652825E-07   -0.5705841E-06   -0.7088464E-06    0.6931885E-07    0.4162644E-07   -0.4568023E-08   -0.5580998E-07
    0.1319336E-06    0.3211467E-04   -0.4253794E-05   -0.1948063E-05   -0.1101393E-03   -0.6907118E-04   -0.2596445E-06   -0.2281316E-05   -0.5245045E-04
    0.8652825E-07   -0.4253794E-05    0.1134629E-04   -0.9278110E-06    0.8271261E-04    0.2072218E-04    0.1878614E-06    0.9832182E-06    0.1255890E-04
   -0.5705841E-06   -0.1948063E-05   -0.9278110E-06    0.6149763E-03    0.8208279E-03    0.3564256E-04   -0.1273780E-05    0.2867398E-06    0.2178313E-04
   -0.7088464E-06   -0.1101393E-03    0.8271261E-04    0.8208279E-03    0.2025509E-02    0.3882858E-03    0.7786635E-05    0.1195507E-04    0.2513395E-03
    0.6931885E-07   -0.6907118E-04    0.2072218E-04    0.3564256E-04    0.3882858E-03    0.4142647E-03   -0.1080429E-05    0.6009088E-05    0.1211167E-03
    0.4162644E-07   -0.2596445E-06    0.1878614E-06   -0.1273780E-05    0.7786635E-05   -0.1080429E-05    0.6122812E-05   -0.2149125E-07    0.3870491E-05
   -0.4568023E-08   -0.2281316E-05    0.9832182E-06    0.2867398E-06    0.1195507E-04    0.6009088E-05   -0.2149125E-07    0.4354788E-04   -0.2544847E-04
   -0.5580998E-07   -0.5245045E-04    0.1255890E-04    0.2178313E-04    0.2513395E-03    0.1211167E-03    0.3870491E-05   -0.2544847E-04    0.6543394E-02
