# omegabh2 omegach2 theta tau logA ns calPlanck galfEE100 galfEE100143 galfEE100217 galfEE143 galfEE143217 galfEE217
    0.1767449E-05   -0.5277889E-05    0.4055965E-06    0.2285323E-05    0.1277082E-04    0.1287772E-04    0.5358117E-07   -0.2241979E-06   -0.3166625E-06    0.5407957E-06   -0.3761516E-06    0.1396757E-05    0.1898799E-05
   -0.5277889E-05    0.2230222E-04   -0.1606765E-05   -0.1407712E-04   -0.2633273E-04   -0.5152439E-04   -0.9113796E-07   -0.2253040E-05   -0.2488574E-05   -0.1926082E-05   -0.2410232E-05   -0.6463073E-05   -0.1762739E-04
    0.4055965E-06   -0.1606765E-05    0.8708882E-06    0.5808857E-06    0.6555532E-06    0.4387067E-05   -0.2579171E-07    0.7168512E-07    0.1439315E-06   -0.8815620E-07    0.2424604E-07   -0.2097722E-06   -0.8509691E-07
    0.2285323E-05   -0.1407712E-04    0.5808857E-06    0.4497284E-03    0.8899378E-03    0.7328233E-04    0.8208887E-06    0.5628428E-05    0.7421969E-05   -0.3845053E-05    0.9332482E-05   -0.5504887E-05   -0.2955798E-04
    0.1277082E-04   -0.2633273E-04    0.6555532E-06    0.8899378E-03    0.1954294E-02    0.1670426E-03    0.1434073E-04   -0.3947430E-06    0.9870604E-08   -0.9492533E-05    0.3689309E-05   -0.2616869E-04   -0.1453613E-03
    0.1287772E-04   -0.5152439E-04    0.4387067E-05    0.7328233E-04    0.1670426E-03    0.2042592E-03    0.2874761E-07    0.1556632E-04    0.1710068E-04    0.4632599E-06    0.1706844E-04    0.3036538E-05   -0.1951905E-04
    0.5358117E-07   -0.9113796E-07   -0.2579171E-07    0.8208887E-06    0.1434073E-04    0.2874761E-07    0.6015104E-05    0.4653320E-06    0.3282558E-06   -0.2074850E-06    0.8632299E-06    0.1286263E-05   -0.3555215E-05
   -0.2241979E-06   -0.2253040E-05    0.7168512E-07    0.5628428E-05   -0.3947430E-06    0.1556632E-04    0.4653320E-06    0.3469367E-04    0.1206015E-04   -0.2002187E-05    0.7173409E-05    0.2411078E-05    0.3469136E-05
   -0.3166625E-06   -0.2488574E-05    0.1439315E-06    0.7421969E-05    0.9870604E-08    0.1710068E-04    0.3282558E-06    0.1206015E-04    0.2880186E-04    0.7827996E-06    0.1669767E-04    0.2874826E-05    0.4447936E-05
    0.5407957E-06   -0.1926082E-05   -0.8815620E-07   -0.3845053E-05   -0.9492533E-05    0.4632599E-06   -0.2074850E-06   -0.2002187E-05    0.7827996E-06    0.1054029E-02   -0.1912529E-05    0.2219626E-04    0.6636723E-04
   -0.3761516E-06   -0.2410232E-05    0.2424604E-07    0.9332482E-05    0.3689309E-05    0.1706844E-04    0.8632299E-06    0.7173409E-05    0.1669767E-04   -0.1912529E-05    0.5196387E-04    0.5352741E-06    0.1352947E-05
    0.1396757E-05   -0.6463073E-05   -0.2097722E-06   -0.5504887E-05   -0.2616869E-04    0.3036538E-05    0.1286263E-05    0.2411078E-05    0.2874826E-05    0.2219626E-04    0.5352741E-06    0.2207742E-02    0.6098089E-04
    0.1898799E-05   -0.1762739E-04   -0.8509691E-07   -0.2955798E-04   -0.1453613E-03   -0.1951905E-04   -0.3555215E-05    0.3469136E-05    0.4447936E-05    0.6636723E-04    0.1352947E-05    0.6098089E-04    0.1693475E-01
