    0.1000000E+01   -0.8406453E+00    0.3269186E+00    0.8105860E-01    0.2172953E+00    0.6777583E+00    0.1643302E-01   -0.2863077E-01   -0.4438262E-01    0.1252949E-01   -0.3924992E-01    0.2236007E-01    0.1097530E-01    0.9321528E+00    0.8885959E+00   -0.8885959E+00   -0.7182870E+00    0.0000000E+00    0.9536465E+00   -0.5779234E+00   -0.8371671E+00   -0.7845609E+00   -0.7791510E+00   -0.6594817E+00   -0.1058037E+00    0.2181332E+00    0.4436275E+00    0.2162606E+00    0.9521726E+00    0.7918542E+00    0.8562988E+00    0.8758413E+00    0.6777583E+00    0.9987316E+00    0.9987313E+00   -0.9946892E+00   -0.9818456E+00   -0.9892310E+00    0.2652709E-01    0.1894515E+00   -0.8673355E-02    0.9974562E+00   -0.4847638E+00    0.8498870E+00   -0.9857388E+00   -0.7182871E+00   -0.7182870E+00    0.8061067E+00    0.7667979E+00    0.8676802E+00    0.9655882E+00   -0.9434930E+00   -0.8915106E+00   -0.7595157E+00   -0.2757609E+00    0.5867903E-01   -0.5797819E-01   -0.2235444E-01    0.2981693E-01
   -0.8406453E+00    0.1000000E+01   -0.3645836E+00   -0.1405609E+00   -0.1261325E+00   -0.7633926E+00   -0.7868713E-02   -0.8099715E-01   -0.9818977E-01   -0.1256245E-01   -0.7080012E-01   -0.2912667E-01   -0.2868300E-01   -0.9711404E+00   -0.9886756E+00    0.9886756E+00    0.9806314E+00    0.0000000E+00   -0.6852677E+00    0.7007808E+00    0.9543508E+00    0.9062502E+00    0.8786748E+00    0.8155968E+00    0.3188052E-01   -0.1277423E+00    0.2757729E-01    0.1227436E+00   -0.7372714E+00   -0.4741305E+00   -0.6142796E+00   -0.6423730E+00   -0.7633926E+00   -0.8425361E+00   -0.8425361E+00    0.8422872E+00    0.8838050E+00    0.9012092E+00   -0.5636298E+00   -0.2543784E+00   -0.5251888E+00   -0.8031596E+00   -0.6586956E-01   -0.4331951E+00    0.7873319E+00    0.9806314E+00    0.9806314E+00   -0.9969940E+00   -0.9911240E+00   -0.9895124E+00   -0.9288032E+00    0.9621084E+00    0.9901766E+00    0.8808275E+00    0.3820442E+00   -0.1066549E+00    0.2632946E+00   -0.3274054E-01    0.1900111E-01
    0.3269186E+00   -0.3645836E+00    0.1000000E+01    0.2935177E-01    0.1589029E-01    0.3289291E+00   -0.1126879E-01    0.1304136E-01    0.2873852E-01   -0.2909681E-02    0.3604200E-02   -0.4784014E-02   -0.7007178E-03    0.4576484E+00    0.4354909E+00   -0.4354909E+00   -0.3501326E+00    0.0000000E+00    0.4709101E+00   -0.2485979E+00   -0.3963438E+00   -0.3641045E+00   -0.3593158E+00   -0.3583406E+00   -0.3622708E-01    0.1655259E-01   -0.3914434E-01   -0.9971218E-01    0.2493996E+00    0.1793057E+00    0.2525521E+00    0.2666820E+00    0.3289291E+00    0.3264443E+00    0.3264441E+00   -0.3252818E+00   -0.4837278E+00   -0.3433714E+00    0.1744353E+00    0.9898563E+00   -0.8958735E-02    0.3148020E+00   -0.1311179E-01    0.1899601E+00   -0.2167463E+00   -0.3501327E+00   -0.3501326E+00    0.3942705E+00    0.3945770E+00    0.4745931E+00    0.4749261E+00   -0.4636485E+00   -0.4370444E+00   -0.3494500E+00   -0.9056120E-01    0.6206612E-01   -0.1445221E+00   -0.4034048E-02   -0.7028522E-02
    0.8105860E-01   -0.1405609E+00    0.2935177E-01    0.1000000E+01    0.9492696E+00    0.2417872E+00    0.1578293E-01    0.4505955E-01    0.6521293E-01   -0.5584713E-02    0.6104798E-01   -0.5524578E-02   -0.1071051E-01    0.1209746E+00    0.1266837E+00   -0.1266837E+00   -0.1512566E+00    0.0000000E+00    0.4337173E-01    0.5803605E+00    0.1452767E+00    0.2772237E+00    0.3318403E+00    0.4100403E+00    0.9777009E+00    0.9492113E+00   -0.3214067E-01    0.4018982E-01    0.2282926E-01    0.3876362E-01    0.8161668E-01    0.1460299E+00    0.2417872E+00    0.7965273E-01    0.7965209E-01   -0.7795147E-01   -0.9109892E-01   -0.9445824E-01    0.1364496E+00    0.1874592E-01    0.1352081E+00    0.7092712E-01    0.7918702E-01   -0.4499788E-02   -0.6697920E-01   -0.1512567E+00   -0.1512567E+00    0.1451120E+00    0.1483354E+00    0.1343273E+00    0.1071821E+00   -0.1156878E+00   -0.1282420E+00    0.3276032E+00    0.8149500E+00   -0.4352693E-01    0.1445955E+00    0.3314113E-01    0.2497854E-01
    0.2172953E+00   -0.1261325E+00    0.1589029E-01    0.9492696E+00    0.1000000E+01    0.2643879E+00    0.1322680E+00   -0.1515983E-02    0.4160433E-04   -0.6613950E-02    0.1157709E-01   -0.1259833E-01   -0.2526763E-01    0.1629133E+00    0.1416447E+00   -0.1416447E+00   -0.8345183E-01    0.0000000E+00    0.2206417E+00    0.5970593E+00    0.1418296E+00    0.2796105E+00    0.3250579E+00    0.4280558E+00    0.9082481E+00    0.9995551E+00    0.2837757E+00    0.2214059E+00    0.2052795E+00    0.3044942E+00    0.3006755E+00    0.3511345E+00    0.2643879E+00    0.2156028E+00    0.2156020E+00   -0.2132475E+00   -0.1959929E+00   -0.2003201E+00   -0.9809212E-01   -0.1650146E-01   -0.9661918E-01    0.2230376E+00   -0.1957307E+00    0.2371273E+00   -0.2241028E+00   -0.8345187E-01   -0.8345186E-01    0.1131855E+00    0.9910742E-01    0.1348050E+00    0.1833300E+00   -0.1679161E+00   -0.1432636E+00    0.3321894E+00    0.8442128E+00   -0.7050511E-01    0.2159901E+00    0.1378547E-01    0.3200898E-01
    0.6777583E+00   -0.7633926E+00    0.3289291E+00    0.2417872E+00    0.2643879E+00    0.1000000E+01    0.8201425E-03    0.1849140E+00    0.2229525E+00    0.9984068E-03    0.1656732E+00    0.4521824E-02   -0.1049490E-01    0.7628185E+00    0.7603065E+00   -0.7603065E+00   -0.7355818E+00    0.0000000E+00    0.5788946E+00   -0.3555229E+00   -0.6609198E+00   -0.5901098E+00   -0.5590401E+00   -0.6633887E+00    0.1047219E+00    0.2655240E+00    0.1032959E+00   -0.5026781E+00    0.4718219E+00    0.5697031E+00    0.7474919E+00    0.7739689E+00    0.1000000E+01    0.6754802E+00    0.6754793E+00   -0.6713971E+00   -0.7125499E+00   -0.7116180E+00    0.3762141E+00    0.2411292E+00    0.3371232E+00    0.6508083E+00   -0.1362575E-01    0.3838334E+00   -0.6279839E+00   -0.7355818E+00   -0.7355818E+00    0.7615141E+00    0.7527460E+00    0.7694743E+00    0.7429273E+00   -0.7563700E+00   -0.7641508E+00   -0.5596819E+00   -0.5609764E-01    0.2206461E+00   -0.5392809E+00    0.1134567E+00   -0.3680879E-01
    0.1643302E-01   -0.7868713E-02   -0.1126879E-01    0.1578293E-01    0.1322680E+00    0.8201425E-03    0.1000000E+01    0.3221190E-01    0.2493909E-01   -0.2605786E-02    0.4882634E-01    0.1116180E-01   -0.1113922E-01    0.1014143E-01    0.7948203E-02   -0.7948203E-02   -0.4165574E-02    0.0000000E+00    0.1456043E-01    0.8176355E-01    0.2741262E-01    0.4411789E-01    0.4996040E-01    0.7449507E-01    0.1296949E-01    0.1320802E+00    0.3723810E+00    0.2294483E+00    0.1607235E+00    0.3165447E+00    0.2147860E+00    0.1706081E+00    0.8201425E-03    0.1568338E-01    0.1568236E-01   -0.1503285E-01   -0.1258672E-01   -0.1402049E-01   -0.1034990E-01   -0.1420769E-01   -0.7845843E-02    0.1679401E-01   -0.1708388E-01    0.1858020E-01   -0.1719754E-01   -0.4165624E-02   -0.4165611E-02    0.6598467E-02    0.5278522E-02    0.7549025E-02    0.1191672E-01   -0.1034199E-01   -0.8262572E-02    0.5032087E-01    0.1094951E+00   -0.2367362E-01    0.1620764E-01    0.1496851E-01   -0.1536051E-01
   -0.2863077E-01   -0.8099715E-01    0.1304136E-01    0.4505955E-01   -0.1515983E-02    0.1849140E+00    0.3221190E-01    0.1000000E+01    0.3815200E+00   -0.1047016E-01    0.1689467E+00    0.8711880E-02    0.4525919E-02    0.3983277E-01    0.5907117E-01   -0.5907117E-01   -0.1144069E+00    0.0000000E+00   -0.7142378E-01   -0.2042605E-01   -0.4834116E-01   -0.4146360E-01   -0.3052580E-01   -0.1038436E+00    0.4645214E-01   -0.1741644E-02   -0.1422414E+00   -0.2748004E+00   -0.9621421E-01   -0.4542663E-01    0.1119030E-01    0.1606499E-01    0.1849140E+00   -0.2866799E-01   -0.2866840E-01    0.2860725E-01    0.8785621E-02    0.5007021E-02    0.1931870E+00    0.1853686E-01    0.1929322E+00   -0.4189980E-01    0.1840953E+00   -0.1271278E+00    0.4460974E-01   -0.1144069E+00   -0.1144069E+00    0.9136282E-01    0.1020665E+00    0.6780617E-01    0.1388488E-01   -0.3214775E-01   -0.5915208E-01   -0.3834706E-01    0.4755471E-02   -0.3002802E+00   -0.2200516E+00    0.5326054E+00   -0.3920419E+00
   -0.4438262E-01   -0.9818977E-01    0.2873852E-01    0.6521293E-01    0.4160433E-04    0.2229525E+00    0.2493909E-01    0.3815200E+00    0.1000000E+01    0.4492768E-02    0.4316133E+00    0.1140058E-01    0.6368818E-02    0.4661982E-01    0.6892995E-01   -0.6892995E-01   -0.1421899E+00    0.0000000E+00   -0.9640119E-01   -0.2206884E-01   -0.5587810E-01   -0.4771016E-01   -0.3379917E-01   -0.1234808E+00    0.6712806E-01    0.4220773E-03   -0.1985538E+00   -0.3456653E+00   -0.1314028E+00   -0.7851859E-01   -0.5638037E-02    0.2282976E-02    0.2229525E+00   -0.4540236E-01   -0.4540368E-01    0.4639329E-01    0.1610372E-01    0.1525760E-01    0.2492840E+00    0.3734258E-01    0.2464213E+00   -0.6203605E-01    0.2418299E+00   -0.1721848E+00    0.6867417E-01   -0.1421899E+00   -0.1421899E+00    0.1131782E+00    0.1272759E+00    0.8394470E-01    0.1412288E-01   -0.3603319E-01   -0.6988053E-01   -0.4462742E-01    0.8374788E-02   -0.1011287E-01   -0.2588622E+00    0.2126061E+00   -0.1297450E+00
    0.1252949E-01   -0.1256245E-01   -0.2909681E-02   -0.5584713E-02   -0.6613950E-02    0.9984068E-03   -0.2605786E-02   -0.1047016E-01    0.4492768E-02    0.1000000E+01   -0.8172050E-02    0.1455054E-01    0.1570862E-01    0.1209997E-01    0.1243007E-01   -0.1243007E-01   -0.1160712E-01    0.0000000E+00    0.9525929E-02   -0.1663683E-01   -0.1530578E-01   -0.1610203E-01   -0.1639312E-01   -0.1246015E-01   -0.9337742E-02   -0.6172219E-02   -0.3919147E-02    0.6325282E-02    0.1215126E-01    0.8327304E-03    0.2184517E-02    0.2838433E-02    0.9984068E-03    0.1262949E-01    0.1262996E-01   -0.1278288E-01   -0.1146860E-01   -0.1306318E-01    0.4144130E-02   -0.4844170E-02    0.5141523E-02    0.1233404E-01   -0.2803392E-02    0.8929483E-02   -0.1314409E-01   -0.1160714E-01   -0.1160710E-01    0.1202613E-01    0.1169919E-01    0.1161780E-01    0.1169349E-01   -0.1217188E-01   -0.1237471E-01   -0.1625379E-01   -0.1478347E-01    0.1627894E+00    0.9722211E-02   -0.1909637E+00    0.1617487E+00
   -0.3924992E-01   -0.7080012E-01    0.3604200E-02    0.6104798E-01    0.1157709E-01    0.1656732E+00    0.4882634E-01    0.1689467E+00    0.4316133E+00   -0.8172050E-02    0.1000000E+01    0.1580343E-02    0.1442250E-02    0.2902411E-01    0.4675815E-01   -0.4675815E-01   -0.1051477E+00    0.0000000E+00   -0.8274301E-01   -0.5567192E-02   -0.3410571E-01   -0.2682884E-01   -0.1555072E-01   -0.8230318E-01    0.6270432E-01    0.1228372E-01   -0.1491333E+00   -0.2577636E+00   -0.1030976E+00   -0.6076146E-01   -0.6915516E-02   -0.6821646E-03    0.1656732E+00   -0.3971265E-01   -0.3971360E-01    0.4000878E-01    0.2019883E-01    0.1639747E-01    0.1909886E+00    0.1027512E-01    0.1922409E+00   -0.5256479E-01    0.1877376E+00   -0.1358828E+00    0.5529870E-01   -0.1051477E+00   -0.1051477E+00    0.8202574E-01    0.9295056E-01    0.5772634E-01    0.3448977E-02   -0.2075155E-01   -0.4748248E-01   -0.2412380E-01    0.1780255E-01    0.2789602E-01   -0.1893781E+00    0.1091715E+00   -0.6082841E-01
    0.2236007E-01   -0.2912667E-01   -0.4784014E-02   -0.5524578E-02   -0.1259833E-01    0.4521824E-02    0.1116180E-01    0.8711880E-02    0.1140058E-01    0.1455054E-01    0.1580343E-02    0.1000000E+01    0.9973100E-02    0.2582743E-01    0.2686176E-01   -0.2686176E-01   -0.2933110E-01    0.0000000E+00    0.1389379E-01   -0.3504592E-01   -0.3247102E-01   -0.3414979E-01   -0.3416515E-01   -0.2720543E-01   -0.1069163E-01   -0.1240212E-01   -0.2312678E-01    0.2196430E-02    0.1846958E-01   -0.1004785E-01   -0.4576399E-02   -0.2281231E-02    0.4521824E-02    0.2201321E-01    0.2201310E-01   -0.2145429E-01   -0.2134274E-01   -0.2392010E-01    0.1956489E-01   -0.8309737E-02    0.2146050E-01    0.2084299E-01    0.6019919E-02    0.8376829E-02   -0.2115835E-01   -0.2933099E-01   -0.2933109E-01    0.2862259E-01    0.2859346E-01    0.2666974E-01    0.2371793E-01   -0.2504877E-01   -0.2693288E-01   -0.3463443E-01   -0.3086089E-01    0.1594832E+00   -0.4746934E-02   -0.1919790E+00    0.1518607E+00
    0.1097530E-01   -0.2868300E-01   -0.7007178E-03   -0.1071051E-01   -0.2526763E-01   -0.1049490E-01   -0.1113922E-01    0.4525919E-02    0.6368818E-02    0.1570862E-01    0.1442250E-02    0.9973100E-02    0.1000000E+01    0.2157881E-01    0.2486261E-01   -0.2486261E-01   -0.3287830E-01    0.0000000E+00    0.4554458E-03   -0.4291935E-01   -0.3407718E-01   -0.3762214E-01   -0.3757391E-01   -0.2850378E-01   -0.1468157E-01   -0.2473623E-01   -0.4762757E-01    0.2413280E-02    0.7996717E-02   -0.3408771E-01   -0.2778697E-01   -0.2497330E-01   -0.1049490E-01    0.1105592E-01    0.1105540E-01   -0.1101291E-01   -0.1294687E-01   -0.1529797E-01    0.3619630E-01   -0.2247657E-02    0.3722693E-01    0.8541206E-02    0.2614558E-01   -0.9511695E-02   -0.8875487E-02   -0.3287839E-01   -0.3287834E-01    0.2967563E-01    0.3098424E-01    0.2552331E-01    0.1698380E-01   -0.2033043E-01   -0.2485539E-01   -0.3875460E-01   -0.4222664E-01    0.2173794E+00    0.1076683E-01   -0.2684700E+00    0.2149773E+00
    0.9321528E+00   -0.9711404E+00    0.4576484E+00    0.1209746E+00    0.1629133E+00    0.7628185E+00    0.1014143E-01    0.3983277E-01    0.4661982E-01    0.1209997E-01    0.2902411E-01    0.2582743E-01    0.2157881E-01    0.1000000E+01    0.9888049E+00   -0.9888049E+00   -0.9104638E+00    0.0000000E+00    0.8354904E+00   -0.6761430E+00   -0.9447841E+00   -0.8924107E+00   -0.8732217E+00   -0.7887581E+00   -0.6296289E-01    0.1643069E+00    0.1490487E+00   -0.4391702E-02    0.8414199E+00    0.6111579E+00    0.7295774E+00    0.7558963E+00    0.7628185E+00    0.9317401E+00    0.9317399E+00   -0.9288237E+00   -0.9687453E+00   -0.9649978E+00    0.3711308E+00    0.3365827E+00    0.3139956E+00    0.9065671E+00   -0.1484159E+00    0.6101703E+00   -0.8798006E+00   -0.9104639E+00   -0.9104638E+00    0.9600963E+00    0.9412492E+00    0.9885782E+00    0.9900209E+00   -0.9988126E+00   -0.9918570E+00   -0.8666097E+00   -0.3494105E+00    0.1025862E+00   -0.1981847E+00    0.1078164E-01    0.7246186E-02
    0.8885959E+00   -0.9886756E+00    0.4354909E+00    0.1266837E+00    0.1416447E+00    0.7603065E+00    0.7948203E-02    0.5907117E-01    0.6892995E-01    0.1243007E-01    0.4675815E-01    0.2686176E-01    0.2486261E-01    0.9888049E+00    0.1000000E+01   -0.1000000E+01   -0.9487425E+00    0.0000000E+00    0.7689190E+00   -0.6880439E+00   -0.9566215E+00   -0.9035703E+00   -0.8797386E+00   -0.8060698E+00   -0.5220062E-01    0.1430779E+00    0.6403543E-01   -0.5709036E-01    0.7936355E+00    0.5507318E+00    0.6794680E+00    0.7062633E+00    0.7603065E+00    0.8928988E+00    0.8928991E+00   -0.8951043E+00   -0.9320356E+00   -0.9407547E+00    0.4688838E+00    0.3205053E+00    0.4164217E+00    0.8588797E+00   -0.4280039E-01    0.5293658E+00   -0.8414454E+00   -0.9487425E+00   -0.9487425E+00    0.9797602E+00    0.9679554E+00    0.9911077E+00    0.9604149E+00   -0.9865108E+00   -0.9994352E+00   -0.8746700E+00   -0.3610042E+00    0.7854083E-01   -0.2313605E+00    0.2151051E-01   -0.3135718E-01
   -0.8885959E+00    0.9886756E+00   -0.4354909E+00   -0.1266837E+00   -0.1416447E+00   -0.7603065E+00   -0.7948203E-02   -0.5907117E-01   -0.6892995E-01   -0.1243007E-01   -0.4675815E-01   -0.2686176E-01   -0.2486261E-01   -0.9888049E+00   -0.1000000E+01    0.1000000E+01    0.9487425E+00    0.0000000E+00   -0.7689190E+00    0.6880439E+00    0.9566215E+00    0.9035703E+00    0.8797386E+00    0.8060698E+00    0.5220062E-01   -0.1430779E+00   -0.6403543E-01    0.5709036E-01   -0.7936355E+00   -0.5507318E+00   -0.6794680E+00   -0.7062633E+00   -0.7603065E+00   -0.8928988E+00   -0.8928991E+00    0.8951043E+00    0.9320356E+00    0.9407547E+00   -0.4688838E+00   -0.3205053E+00   -0.4164217E+00   -0.8588797E+00    0.4280039E-01   -0.5293658E+00    0.8414454E+00    0.9487425E+00    0.9487425E+00   -0.9797602E+00   -0.9679554E+00   -0.9911077E+00   -0.9604149E+00    0.9865108E+00    0.9994352E+00    0.8746700E+00    0.3610042E+00   -0.7854083E-01    0.2313605E+00   -0.2151051E-01    0.3135718E-01
   -0.7182870E+00    0.9806314E+00   -0.3501326E+00   -0.1512566E+00   -0.8345183E-01   -0.7355818E+00   -0.4165574E-02   -0.1144069E+00   -0.1421899E+00   -0.1160712E-01   -0.1051477E+00   -0.2933110E-01   -0.3287830E-01   -0.9104638E+00   -0.9487425E+00    0.9487425E+00    0.1000000E+01    0.0000000E+00   -0.5354452E+00    0.6912527E+00    0.9232463E+00    0.8804787E+00    0.8470106E+00    0.8092554E+00    0.2691791E-02   -0.8521683E-01    0.1958630E+00    0.2358919E+00   -0.6027845E+00   -0.3227198E+00   -0.4794558E+00   -0.5084785E+00   -0.7355818E+00   -0.7211747E+00   -0.7211748E+00    0.7223169E+00    0.7802974E+00    0.7999848E+00   -0.7144719E+00   -0.2582723E+00   -0.6778190E+00   -0.6710510E+00   -0.2599318E+00   -0.2491450E+00    0.6549555E+00    0.1000000E+01    0.1000000E+01   -0.9892606E+00   -0.9959355E+00   -0.9573815E+00   -0.8439836E+00    0.8947597E+00    0.9496167E+00    0.8568770E+00    0.3910643E+00   -0.1157928E+00    0.3172731E+00   -0.5014436E-01    0.3519306E-01
    0.0000000E+00    0.0000000E+00    0.0000000E+00    0.0000000E+00    0.0000000E+00    0.0000000E+00    0.0000000E+00    0.0000000E+00    0.0000000E+00    0.0000000E+00    0.0000000E+00    0.0000000E+00    0.0000000E+00    0.0000000E+00    0.0000000E+00    0.0000000E+00    0.0000000E+00    0.0000000E+00    0.0000000E+00    0.0000000E+00    0.0000000E+00    0.0000000E+00    0.0000000E+00    0.0000000E+00    0.0000000E+00    0.0000000E+00    0.0000000E+00    0.0000000E+00    0.0000000E+00    0.0000000E+00    0.0000000E+00    0.0000000E+00    0.0000000E+00    0.0000000E+00    0.0000000E+00    0.0000000E+00    0.0000000E+00    0.0000000E+00    0.0000000E+00    0.0000000E+00    0.0000000E+00    0.0000000E+00    0.0000000E+00    0.0000000E+00    0.0000000E+00    0.0000000E+00    0.0000000E+00    0.0000000E+00    0.0000000E+00    0.0000000E+00    0.0000000E+00    0.0000000E+00    0.0000000E+00    0.0000000E+00    0.0000000E+00    0.0000000E+00    0.0000000E+00    0.0000000E+00    0.0000000E+00
    0.9536465E+00   -0.6852677E+00    0.4709101E+00    0.4337173E-01    0.2206417E+00    0.5788946E+00    0.1456043E-01   -0.7142378E-01   -0.9640119E-01    0.9525929E-02   -0.8274301E-01    0.1389379E-01    0.4554458E-03    0.8354904E+00    0.7689190E+00   -0.7689190E+00   -0.5354452E+00    0.0000000E+00    0.1000000E+01   -0.4638447E+00   -0.7099184E+00   -0.6576241E+00   -0.6623887E+00   -0.5393176E+00   -0.1286293E+00    0.2211038E+00    0.5691696E+00    0.3115928E+00    0.9243209E+00    0.8278342E+00    0.8605503E+00    0.8753412E+00    0.5788946E+00    0.9515697E+00    0.9515693E+00   -0.9468416E+00   -0.9455420E+00   -0.9162647E+00   -0.1898131E+00    0.3451678E+00   -0.2579365E+00    0.9654200E+00   -0.6505259E+00    0.9229633E+00   -0.9368827E+00   -0.5354452E+00   -0.5354452E+00    0.6486555E+00    0.6015626E+00    0.7483150E+00    0.9009721E+00   -0.8560102E+00   -0.7715999E+00   -0.6335915E+00   -0.1919555E+00    0.3468906E-01    0.1603277E-01   -0.4470697E-01    0.4094555E-01
   -0.5779234E+00    0.7007808E+00   -0.2485979E+00    0.5803605E+00    0.5970593E+00   -0.3555229E+00    0.8176355E-01   -0.2042605E-01   -0.2206884E-01   -0.1663683E-01   -0.5567192E-02   -0.3504592E-01   -0.4291935E-01   -0.6761430E+00   -0.6880439E+00    0.6880439E+00    0.6912527E+00    0.0000000E+00   -0.4638447E+00    0.1000000E+01    0.8692755E+00    0.9323443E+00    0.9486502E+00    0.9265283E+00    0.6971546E+00    0.5957618E+00    0.1279056E+00    0.1035971E+00   -0.5357885E+00   -0.2178050E+00   -0.3056388E+00   -0.2909600E+00   -0.3555229E+00   -0.5782306E+00   -0.5782310E+00    0.5769475E+00    0.6093774E+00    0.6210265E+00   -0.4121868E+00   -0.1728448E+00   -0.3865471E+00   -0.5499619E+00   -0.6740897E-01   -0.2827850E+00    0.5373659E+00    0.6912527E+00    0.6912526E+00   -0.7004782E+00   -0.6974942E+00   -0.6924897E+00   -0.6445356E+00    0.6681591E+00    0.6899547E+00    0.9522141E+00    0.9249058E+00   -0.1172245E+00    0.2615058E+00    0.1145394E-01    0.7967462E-02
   -0.8371671E+00    0.9543508E+00   -0.3963438E+00    0.1452767E+00    0.1418296E+00   -0.6609198E+00    0.2741262E-01   -0.4834116E-01   -0.5587810E-01   -0.1530578E-01   -0.3410571E-01   -0.3247102E-01   -0.3407718E-01   -0.9447841E+00   -0.9566215E+00    0.9566215E+00    0.9232463E+00    0.0000000E+00   -0.7099184E+00    0.8692755E+00    0.1000000E+01    0.9891381E+00    0.9794274E+00    0.9202470E+00    0.3147373E+00    0.1402370E+00    0.7668040E-02    0.8057919E-01   -0.7553317E+00   -0.4622840E+00   -0.5852785E+00   -0.5977006E+00   -0.6609198E+00   -0.8399620E+00   -0.8399624E+00    0.8406648E+00    0.8793457E+00    0.8895550E+00   -0.4842831E+00   -0.2876186E+00   -0.4382610E+00   -0.8055958E+00    0.2405054E-02   -0.4738504E+00    0.7882264E+00    0.9232463E+00    0.9232463E+00   -0.9482727E+00   -0.9389851E+00   -0.9529381E+00   -0.9129937E+00    0.9398674E+00    0.9571756E+00    0.9775424E+00    0.6162268E+00   -0.1018662E+00    0.2615065E+00   -0.9922586E-02    0.2279939E-01
   -0.7845609E+00    0.9062502E+00   -0.3641045E+00    0.2772237E+00    0.2796105E+00   -0.5901098E+00    0.4411789E-01   -0.4146360E-01   -0.4771016E-01   -0.1610203E-01   -0.2682884E-01   -0.3414979E-01   -0.3762214E-01   -0.8924107E+00   -0.9035703E+00    0.9035703E+00    0.8804787E+00    0.0000000E+00   -0.6576241E+00    0.9323443E+00    0.9891381E+00    0.1000000E+01    0.9977657E+00    0.9478173E+00    0.4359332E+00    0.2780532E+00    0.4325213E-01    0.9016663E-01   -0.7118006E+00   -0.4028802E+00   -0.5190634E+00   -0.5239057E+00   -0.5901098E+00   -0.7863197E+00   -0.7863200E+00    0.7860472E+00    0.8247748E+00    0.8350306E+00   -0.4759860E+00   -0.2620000E+00   -0.4346419E+00   -0.7530067E+00   -0.1757076E-01   -0.4307310E+00    0.7358595E+00    0.8804787E+00    0.8804787E+00   -0.9019805E+00   -0.8941992E+00   -0.9032873E+00   -0.8601973E+00    0.8861979E+00    0.9048580E+00    0.9976876E+00    0.7248811E+00   -0.1121594E+00    0.2687568E+00   -0.3828239E-02    0.1621793E-01
   -0.7791510E+00    0.8786748E+00   -0.3593158E+00    0.3318403E+00    0.3250579E+00   -0.5590401E+00    0.4996040E-01   -0.3052580E-01   -0.3379917E-01   -0.1639312E-01   -0.1555072E-01   -0.3416515E-01   -0.3757391E-01   -0.8732217E+00   -0.8797386E+00    0.8797386E+00    0.8470106E+00    0.0000000E+00   -0.6623887E+00    0.9486502E+00    0.9794274E+00    0.9977657E+00    0.1000000E+01    0.9493097E+00    0.4880773E+00    0.3235674E+00    0.2116228E-01    0.6856098E-01   -0.7135296E+00   -0.4062053E+00   -0.5146059E+00   -0.5160136E+00   -0.5590401E+00   -0.7805031E+00   -0.7805034E+00    0.7798067E+00    0.8155933E+00    0.8239398E+00   -0.4334037E+00   -0.2576869E+00   -0.3921579E+00   -0.7502891E+00    0.1683686E-01   -0.4478269E+00    0.7329087E+00    0.8470106E+00    0.8470106E+00   -0.8728838E+00   -0.8631802E+00   -0.8789333E+00   -0.8466532E+00    0.8682925E+00    0.8812641E+00    0.9987005E+00    0.7582802E+00   -0.1114316E+00    0.2570784E+00    0.2738087E-02    0.1150855E-01
   -0.6594817E+00    0.8155968E+00   -0.3583406E+00    0.4100403E+00    0.4280558E+00   -0.6633887E+00    0.7449507E-01   -0.1038436E+00   -0.1234808E+00   -0.1246015E-01   -0.8230318E-01   -0.2720543E-01   -0.2850378E-01   -0.7887581E+00   -0.8060698E+00    0.8060698E+00    0.8092554E+00    0.0000000E+00   -0.5393176E+00    0.9265283E+00    0.9202470E+00    0.9478173E+00    0.9493097E+00    0.1000000E+01    0.5453860E+00    0.4265477E+00    0.1100227E+00    0.3489486E+00   -0.5354579E+00   -0.3465345E+00   -0.4925632E+00   -0.4882904E+00   -0.6633887E+00   -0.6608893E+00   -0.6608895E+00    0.6606533E+00    0.7100341E+00    0.7138343E+00   -0.4995128E+00   -0.2748820E+00   -0.4561340E+00   -0.6261353E+00   -0.1020076E+00   -0.3093434E+00    0.6058400E+00    0.8092554E+00    0.8092554E+00   -0.8184387E+00   -0.8170333E+00   -0.8120687E+00   -0.7502362E+00    0.7801111E+00    0.8073253E+00    0.9526509E+00    0.7686810E+00   -0.1792431E+00    0.4673318E+00   -0.4468813E-01    0.4345668E-01
   -0.1058037E+00    0.3188052E-01   -0.3622708E-01    0.9777009E+00    0.9082481E+00    0.1047219E+00    0.1296949E-01    0.4645214E-01    0.6712806E-01   -0.9337742E-02    0.6270432E-01   -0.1069163E-01   -0.1468157E-01   -0.6296289E-01   -0.5220062E-01    0.5220062E-01    0.2691791E-02    0.0000000E+00   -0.1286293E+00    0.6971546E+00    0.3147373E+00    0.4359332E+00    0.4880773E+00    0.5453860E+00    0.1000000E+01    0.9056508E+00   -0.9453472E-01    0.1056415E-01   -0.1517770E+00   -0.9982636E-01   -0.7357463E-01   -0.1361573E-01    0.1047219E+00   -0.1074372E+00   -0.1074378E+00    0.1089330E+00    0.9543566E-01    0.9447186E-01    0.1030979E+00   -0.2141867E-01    0.1088567E+00   -0.1137930E+00    0.1451246E+00   -0.1490534E+00    0.1157550E+00    0.2691766E-02    0.2691774E-02   -0.2225800E-01   -0.1312091E-01   -0.4134507E-01   -0.7924320E-01    0.6951116E-01    0.5105373E-01    0.4810695E+00    0.8705399E+00   -0.5665909E-01    0.1218958E+00    0.3583524E-01    0.1770957E-02
    0.2181332E+00   -0.1277423E+00    0.1655259E-01    0.9492113E+00    0.9995551E+00    0.2655240E+00    0.1320802E+00   -0.1741644E-02    0.4220773E-03   -0.6172219E-02    0.1228372E-01   -0.1240212E-01   -0.2473623E-01    0.1643069E+00    0.1430779E+00   -0.1430779E+00   -0.8521683E-01    0.0000000E+00    0.2211038E+00    0.5957618E+00    0.1402370E+00    0.2780532E+00    0.3235674E+00    0.4265477E+00    0.9056508E+00    0.1000000E+01    0.2825626E+00    0.2218605E+00    0.2058074E+00    0.3041998E+00    0.3007623E+00    0.3513317E+00    0.2655240E+00    0.2163649E+00    0.2163641E+00   -0.2139373E+00   -0.1970117E+00   -0.2012536E+00   -0.9640034E-01   -0.1593258E-01   -0.9500633E-01    0.2237159E+00   -0.1946319E+00    0.2368394E+00   -0.2246122E+00   -0.8521687E-01   -0.8521686E-01    0.1148664E+00    0.1008351E+00    0.1363851E+00    0.1845664E+00   -0.1692266E+00   -0.1447226E+00    0.3306376E+00    0.8433833E+00   -0.6861461E-01    0.2303327E+00    0.1357163E-01    0.4048280E-01
    0.4436275E+00    0.2757729E-01   -0.3914434E-01   -0.3214067E-01    0.2837757E+00    0.1032959E+00    0.3723810E+00   -0.1422414E+00   -0.1985538E+00   -0.3919147E-02   -0.1491333E+00   -0.2312678E-01   -0.4762757E-01    0.1490487E+00    0.6403543E-01   -0.6403543E-01    0.1958630E+00    0.0000000E+00    0.5691696E+00    0.1279056E+00    0.7668040E-02    0.4325213E-01    0.2116228E-01    0.1100227E+00   -0.9453472E-01    0.2825626E+00    0.1000000E+01    0.5809875E+00    0.5829664E+00    0.8496867E+00    0.7068927E+00    0.6708593E+00    0.1032959E+00    0.4424480E+00    0.4424474E+00   -0.4400530E+00   -0.3452651E+00   -0.3487133E+00   -0.7278050E+00   -0.1097830E+00   -0.7193056E+00    0.4927132E+00   -0.8635500E+00    0.7674187E+00   -0.5080372E+00    0.1958629E+00    0.1958629E+00   -0.8261065E-01   -0.1371850E+00    0.1898896E-01    0.2559967E+00   -0.1810596E+00   -0.6443024E-01    0.5675031E-01    0.1981692E+00   -0.8848506E-01    0.2455117E+00   -0.5672878E-01    0.2831873E-01
    0.2162606E+00    0.1227436E+00   -0.9971218E-01    0.4018982E-01    0.2214059E+00   -0.5026781E+00    0.2294483E+00   -0.2748004E+00   -0.3456653E+00    0.6325282E-02   -0.2577636E+00    0.2196430E-02    0.2413280E-02   -0.4391702E-02   -0.5709036E-01    0.5709036E-01    0.2358919E+00    0.0000000E+00    0.3115928E+00    0.1035971E+00    0.8057919E-01    0.9016663E-01    0.6856098E-01    0.3489486E+00    0.1056415E-01    0.2218605E+00    0.5809875E+00    0.1000000E+01    0.4708401E+00    0.3087621E+00    0.1088258E+00    0.9326949E-01   -0.5026781E+00    0.2183023E+00    0.2183027E+00   -0.2197323E+00   -0.1382290E+00   -0.1493197E+00   -0.5572694E+00   -0.1379544E+00   -0.5406132E+00    0.2554434E+00   -0.5998756E+00    0.4859323E+00   -0.2765194E+00    0.2358918E+00    0.2358917E+00   -0.1635099E+00   -0.2001475E+00   -0.9725904E-01    0.7000388E-01   -0.2015560E-01    0.5908260E-01    0.9463955E-01    0.1020756E+00   -0.2593283E+00    0.7405249E+00   -0.1602745E+00    0.9272420E-01
    0.9521726E+00   -0.7372714E+00    0.2493996E+00    0.2282926E-01    0.2052795E+00    0.4718219E+00    0.1607235E+00   -0.9621421E-01   -0.1314028E+00    0.1215126E-01   -0.1030976E+00    0.1846958E-01    0.7996717E-02    0.8414199E+00    0.7936355E+00   -0.7936355E+00   -0.6027845E+00    0.0000000E+00    0.9243209E+00   -0.5357885E+00   -0.7553317E+00   -0.7118006E+00   -0.7135296E+00   -0.5354579E+00   -0.1517770E+00    0.2058074E+00    0.5829664E+00    0.4708401E+00    0.1000000E+01    0.8256869E+00    0.8175253E+00    0.8202965E+00    0.4718219E+00    0.9522022E+00    0.9522021E+00   -0.9496204E+00   -0.9149472E+00   -0.9296273E+00   -0.9174604E-01    0.1157329E+00   -0.1150464E+00    0.9584184E+00   -0.5648197E+00    0.8734511E+00   -0.9563058E+00   -0.6027846E+00   -0.6027846E+00    0.6958074E+00    0.6524812E+00    0.7627682E+00    0.8857076E+00   -0.8571528E+00   -0.7952050E+00   -0.6900205E+00   -0.2722712E+00   -0.2035606E-01    0.1210450E+00   -0.5967879E-01    0.3644650E-01
    0.7918542E+00   -0.4741305E+00    0.1793057E+00    0.3876362E-01    0.3044942E+00    0.5697031E+00    0.3165447E+00   -0.4542663E-01   -0.7851859E-01    0.8327304E-03   -0.6076146E-01   -0.1004785E-01   -0.3408771E-01    0.6111579E+00    0.5507318E+00   -0.5507318E+00   -0.3227198E+00    0.0000000E+00    0.8278342E+00   -0.2178050E+00   -0.4622840E+00   -0.4028802E+00   -0.4062053E+00   -0.3465345E+00   -0.9982636E-01    0.3041998E+00    0.8496867E+00    0.3087621E+00    0.8256869E+00    0.1000000E+01    0.9688129E+00    0.9511417E+00    0.5697031E+00    0.7935700E+00    0.7935696E+00   -0.7933292E+00   -0.7354953E+00   -0.7445414E+00   -0.3330502E+00    0.6618149E-01   -0.3510640E+00    0.8155663E+00   -0.6958605E+00    0.8652374E+00   -0.8204022E+00   -0.3227198E+00   -0.3227199E+00    0.4264915E+00    0.3779314E+00    0.5106431E+00    0.6801266E+00   -0.6350341E+00   -0.5507380E+00   -0.3759202E+00    0.8532357E-02    0.9964041E-03   -0.2840626E-01   -0.7011453E-02   -0.1219962E-01
    0.8562988E+00   -0.6142796E+00    0.2525521E+00    0.8161668E-01    0.3006755E+00    0.7474919E+00    0.2147860E+00    0.1119030E-01   -0.5638037E-02    0.2184517E-02   -0.6915516E-02   -0.4576399E-02   -0.2778697E-01    0.7295774E+00    0.6794680E+00   -0.6794680E+00   -0.4794558E+00    0.0000000E+00    0.8605503E+00   -0.3056388E+00   -0.5852785E+00   -0.5190634E+00   -0.5146059E+00   -0.4925632E+00   -0.7357463E-01    0.3007623E+00    0.7068927E+00    0.1088258E+00    0.8175253E+00    0.9688129E+00    0.1000000E+01    0.9958043E+00    0.7474919E+00    0.8580473E+00    0.8580469E+00   -0.8576751E+00   -0.8203690E+00   -0.8275835E+00   -0.1724223E+00    0.1331231E+00   -0.2003512E+00    0.8690660E+00   -0.5877751E+00    0.8360011E+00   -0.8673041E+00   -0.4794559E+00   -0.4794559E+00    0.5737395E+00    0.5306653E+00    0.6470849E+00    0.7815431E+00   -0.7483653E+00   -0.6800837E+00   -0.4888584E+00   -0.3651452E-01    0.5970699E-01   -0.1741093E+00    0.2264891E-01   -0.2301808E-01
    0.8758413E+00   -0.6423730E+00    0.2666820E+00    0.1460299E+00    0.3511345E+00    0.7739689E+00    0.1706081E+00    0.1606499E-01    0.2282976E-02    0.2838433E-02   -0.6821646E-03   -0.2281231E-02   -0.2497330E-01    0.7558963E+00    0.7062633E+00   -0.7062633E+00   -0.5084785E+00    0.0000000E+00    0.8753412E+00   -0.2909600E+00   -0.5977006E+00   -0.5239057E+00   -0.5160136E+00   -0.4882904E+00   -0.1361573E-01    0.3513317E+00    0.6708593E+00    0.9326949E-01    0.8202965E+00    0.9511417E+00    0.9958043E+00    0.1000000E+01    0.7739689E+00    0.8774802E+00    0.8774799E+00   -0.8769137E+00   -0.8426319E+00   -0.8493701E+00   -0.1502738E+00    0.1449328E+00   -0.1800558E+00    0.8870360E+00   -0.5782381E+00    0.8409701E+00   -0.8839810E+00   -0.5084785E+00   -0.5084786E+00    0.6026093E+00    0.5598441E+00    0.6752610E+00    0.8060754E+00   -0.7739974E+00   -0.7071453E+00   -0.4907754E+00   -0.3385470E-02    0.6439069E-01   -0.1711907E+00    0.2414599E-01   -0.1714054E-01
    0.6777583E+00   -0.7633926E+00    0.3289291E+00    0.2417872E+00    0.2643879E+00    0.1000000E+01    0.8201425E-03    0.1849140E+00    0.2229525E+00    0.9984068E-03    0.1656732E+00    0.4521824E-02   -0.1049490E-01    0.7628185E+00    0.7603065E+00   -0.7603065E+00   -0.7355818E+00    0.0000000E+00    0.5788946E+00   -0.3555229E+00   -0.6609198E+00   -0.5901098E+00   -0.5590401E+00   -0.6633887E+00    0.1047219E+00    0.2655240E+00    0.1032959E+00   -0.5026781E+00    0.4718219E+00    0.5697031E+00    0.7474919E+00    0.7739689E+00    0.1000000E+01    0.6754802E+00    0.6754793E+00   -0.6713971E+00   -0.7125499E+00   -0.7116180E+00    0.3762141E+00    0.2411292E+00    0.3371232E+00    0.6508083E+00   -0.1362575E-01    0.3838334E+00   -0.6279839E+00   -0.7355818E+00   -0.7355818E+00    0.7615141E+00    0.7527460E+00    0.7694743E+00    0.7429273E+00   -0.7563700E+00   -0.7641508E+00   -0.5596819E+00   -0.5609764E-01    0.2206461E+00   -0.5392809E+00    0.1134567E+00   -0.3680879E-01
    0.9987316E+00   -0.8425361E+00    0.3264443E+00    0.7965273E-01    0.2156028E+00    0.6754802E+00    0.1568338E-01   -0.2866799E-01   -0.4540236E-01    0.1262949E-01   -0.3971265E-01    0.2201321E-01    0.1105592E-01    0.9317401E+00    0.8928988E+00   -0.8928988E+00   -0.7211747E+00    0.0000000E+00    0.9515697E+00   -0.5782306E+00   -0.8399620E+00   -0.7863197E+00   -0.7805031E+00   -0.6608893E+00   -0.1074372E+00    0.2163649E+00    0.4424480E+00    0.2183023E+00    0.9522022E+00    0.7935700E+00    0.8580473E+00    0.8774802E+00    0.6754802E+00    0.1000000E+01    0.1000000E+01   -0.9985482E+00   -0.9809361E+00   -0.9921522E+00    0.3174611E-01    0.1891717E+00   -0.3315092E-02    0.9972462E+00   -0.4808481E+00    0.8503523E+00   -0.9897327E+00   -0.7211747E+00   -0.7211747E+00    0.8071981E+00    0.7684093E+00    0.8673060E+00    0.9630785E+00   -0.9443063E+00   -0.8944796E+00   -0.7598387E+00   -0.2747449E+00    0.4236826E-01   -0.5707169E-01   -0.2166623E-01    0.1448138E-01
    0.9987313E+00   -0.8425361E+00    0.3264441E+00    0.7965209E-01    0.2156020E+00    0.6754793E+00    0.1568236E-01   -0.2866840E-01   -0.4540368E-01    0.1262996E-01   -0.3971360E-01    0.2201310E-01    0.1105540E-01    0.9317399E+00    0.8928991E+00   -0.8928991E+00   -0.7211748E+00    0.0000000E+00    0.9515693E+00   -0.5782310E+00   -0.8399624E+00   -0.7863200E+00   -0.7805034E+00   -0.6608895E+00   -0.1074378E+00    0.2163641E+00    0.4424474E+00    0.2183027E+00    0.9522021E+00    0.7935696E+00    0.8580469E+00    0.8774799E+00    0.6754793E+00    0.1000000E+01    0.1000000E+01   -0.9985485E+00   -0.9809358E+00   -0.9921524E+00    0.3174657E-01    0.1891714E+00   -0.3314572E-02    0.9972460E+00   -0.4808477E+00    0.8503523E+00   -0.9897331E+00   -0.7211749E+00   -0.7211748E+00    0.8071980E+00    0.7684092E+00    0.8673057E+00    0.9630780E+00   -0.9443062E+00   -0.8944797E+00   -0.7598388E+00   -0.2747453E+00    0.4236543E-01   -0.5707146E-01   -0.2166600E-01    0.1447875E-01
   -0.9946892E+00    0.8422872E+00   -0.3252818E+00   -0.7795147E-01   -0.2132475E+00   -0.6713971E+00   -0.1503285E-01    0.2860725E-01    0.4639329E-01   -0.1278288E-01    0.4000878E-01   -0.2145429E-01   -0.1101291E-01   -0.9288237E+00   -0.8951043E+00    0.8951043E+00    0.7223169E+00    0.0000000E+00   -0.9468416E+00    0.5769475E+00    0.8406648E+00    0.7860472E+00    0.7798067E+00    0.6606533E+00    0.1089330E+00   -0.2139373E+00   -0.4400530E+00   -0.2197323E+00   -0.9496204E+00   -0.7933292E+00   -0.8576751E+00   -0.8769137E+00   -0.6713971E+00   -0.9985482E+00   -0.9985485E+00    0.1000000E+01    0.9773369E+00    0.9925609E+00   -0.3723383E-01   -0.1886023E+00   -0.2371029E-02   -0.9943043E+00    0.4753469E+00   -0.8484836E+00    0.9912287E+00    0.7223169E+00    0.7223170E+00   -0.8061930E+00   -0.7680597E+00   -0.8646106E+00   -0.9578641E+00    0.9426269E+00    0.8952335E+00    0.7580962E+00    0.2728562E+00   -0.2464068E-01    0.5591327E-01    0.2073920E-01    0.2106028E-02
   -0.9818456E+00    0.8838050E+00   -0.4837278E+00   -0.9109892E-01   -0.1959929E+00   -0.7125499E+00   -0.1258672E-01    0.8785621E-02    0.1610372E-01   -0.1146860E-01    0.2019883E-01   -0.2134274E-01   -0.1294687E-01   -0.9687453E+00   -0.9320356E+00    0.9320356E+00    0.7802974E+00    0.0000000E+00   -0.9455420E+00    0.6093774E+00    0.8793457E+00    0.8247748E+00    0.8155933E+00    0.7100341E+00    0.9543566E-01   -0.1970117E+00   -0.3452651E+00   -0.1382290E+00   -0.9149472E+00   -0.7354953E+00   -0.8203690E+00   -0.8426319E+00   -0.7125499E+00   -0.9809361E+00   -0.9809358E+00    0.9773369E+00    0.1000000E+01    0.9847478E+00   -0.1340245E+00   -0.3553693E+00   -0.6938961E-01   -0.9721843E+00    0.3814431E+00   -0.7778256E+00    0.9437866E+00    0.7802975E+00    0.7802974E+00   -0.8609073E+00   -0.8285103E+00   -0.9227060E+00   -0.9924174E+00    0.9773746E+00    0.9350866E+00    0.7986935E+00    0.2933659E+00   -0.7503581E-01    0.1092519E+00    0.1375675E-01   -0.2185229E-01
   -0.9892310E+00    0.9012092E+00   -0.3433714E+00   -0.9445824E-01   -0.2003201E+00   -0.7116180E+00   -0.1402049E-01    0.5007021E-02    0.1525760E-01   -0.1306318E-01    0.1639747E-01   -0.2392010E-01   -0.1529797E-01   -0.9649978E+00   -0.9407547E+00    0.9407547E+00    0.7999848E+00    0.0000000E+00   -0.9162647E+00    0.6210265E+00    0.8895550E+00    0.8350306E+00    0.8239398E+00    0.7138343E+00    0.9447186E-01   -0.2012536E+00   -0.3487133E+00   -0.1493197E+00   -0.9296273E+00   -0.7445414E+00   -0.8275835E+00   -0.8493701E+00   -0.7116180E+00   -0.9921522E+00   -0.9921524E+00    0.9925609E+00    0.9847478E+00    0.1000000E+01   -0.1544012E+00   -0.2086151E+00   -0.1177317E+00   -0.9802966E+00    0.3692693E+00   -0.7801849E+00    0.9732877E+00    0.7999848E+00    0.7999848E+00   -0.8715712E+00   -0.8394207E+00   -0.9173050E+00   -0.9794010E+00    0.9738528E+00    0.9414730E+00    0.8071319E+00    0.3052057E+00   -0.4817730E-01    0.1041146E+00    0.9686277E-02    0.1710760E-02
    0.2652709E-01   -0.5636298E+00    0.1744353E+00    0.1364496E+00   -0.9809212E-01    0.3762141E+00   -0.1034990E-01    0.1931870E+00    0.2492840E+00    0.4144130E-02    0.1909886E+00    0.1956489E-01    0.3619630E-01    0.3711308E+00    0.4688838E+00   -0.4688838E+00   -0.7144719E+00    0.0000000E+00   -0.1898131E+00   -0.4121868E+00   -0.4842831E+00   -0.4759860E+00   -0.4334037E+00   -0.4995128E+00    0.1030979E+00   -0.9640034E-01   -0.7278050E+00   -0.5572694E+00   -0.9174604E-01   -0.3330502E+00   -0.1724223E+00   -0.1502738E+00    0.3762141E+00    0.3174611E-01    0.3174657E-01   -0.3723383E-01   -0.1340245E+00   -0.1544012E+00    0.1000000E+01    0.1806713E+00    0.9827147E+00   -0.3888538E-01    0.8610868E+00   -0.4970897E+00    0.5068324E-01   -0.7144719E+00   -0.7144719E+00    0.6112424E+00    0.6603167E+00    0.5036193E+00    0.2423490E+00   -0.3369161E+00   -0.4675722E+00   -0.4676337E+00   -0.2849409E+00    0.1115253E+00   -0.3967640E+00    0.9461084E-01   -0.7616241E-01
