    0.1000000E+01   -0.3910098E+00    0.2874479E+00    0.2534948E+00    0.2555625E+00    0.5543162E+00    0.1409329E-01   -0.1783411E-01   -0.2519281E-01   -0.1396426E-01   -0.4257862E-01   -0.6781876E-01   -0.8087487E-01   -0.6465860E-02    0.5582250E-02    0.6000438E+00    0.4997169E+00   -0.4997169E+00   -0.2758817E+00    0.0000000E+00    0.7505549E+00    0.1399593E+00   -0.1787539E+00   -0.4734620E-01   -0.1595878E-01   -0.1238960E+00    0.2171280E+00    0.2567831E+00    0.8084670E-01   -0.3205588E+00    0.2656117E+00    0.3414506E+00    0.5094390E+00    0.5727596E+00    0.5543162E+00    0.9997981E+00    0.9997981E+00   -0.9998252E+00   -0.8725072E+00   -0.9223231E+00    0.1920651E-01    0.2410233E+00   -0.1730629E-01    0.9697381E+00   -0.1506580E+00    0.4631777E+00   -0.9400319E+00   -0.2758816E+00   -0.2758815E+00    0.3588917E+00    0.3218701E+00    0.4546317E+00    0.7714283E+00   -0.6486441E+00   -0.4997525E+00    0.6383615E-02    0.2413640E+00    0.1456981E+00   -0.2748519E+00    0.2186080E-01    0.1836960E-01
   -0.3910098E+00    0.1000000E+01   -0.3301846E+00   -0.1614751E+00   -0.3946133E-01   -0.4123055E+00   -0.3443495E-01    0.1552524E-01    0.2107039E-01    0.1916845E-01    0.5114309E-01    0.6618776E-01    0.7537401E-01    0.1495817E-03    0.1303816E-01   -0.9516363E+00   -0.9844043E+00    0.9844043E+00    0.9925402E+00    0.0000000E+00    0.1678558E+00    0.2523126E+00    0.7317210E+00    0.5535251E+00    0.4658977E+00    0.4740553E+00   -0.1326602E+00   -0.4090703E-01    0.4922802E+00    0.3914653E+00   -0.9864689E-01    0.1270471E+00   -0.7887231E-02   -0.2417407E-01   -0.4123055E+00   -0.3909116E+00   -0.3909120E+00    0.3907838E+00    0.6266913E+00    0.7160611E+00   -0.9276934E+00   -0.3196623E+00   -0.9038400E+00   -0.1553131E+00   -0.8509366E+00    0.6345357E+00    0.1401048E+00    0.9925402E+00    0.9925402E+00   -0.9982797E+00   -0.9960318E+00   -0.9818900E+00   -0.8202553E+00    0.9265181E+00    0.9846026E+00    0.4723642E+00    0.6457841E-01   -0.1409121E+00    0.2955129E+00   -0.3283492E-01   -0.4217455E-02
    0.2874479E+00   -0.3301846E+00    0.1000000E+01    0.8845208E-01    0.5406225E-01    0.2218860E+00   -0.1111615E-01    0.2295984E-03   -0.6911033E-02   -0.8095281E-02   -0.1625814E-01   -0.8865328E-02   -0.2409693E-01    0.4366029E-02   -0.6757852E-02    0.5251381E+00    0.4596951E+00   -0.4596951E+00   -0.3067468E+00    0.0000000E+00    0.4965513E+00   -0.2032653E-01   -0.2715807E+00   -0.1734973E+00   -0.1466068E+00   -0.1741145E+00    0.7478368E-01    0.5467946E-01   -0.1266169E+00   -0.1663036E+00    0.4750179E-01    0.3061521E-01    0.1002894E+00    0.1164182E+00    0.2218860E+00    0.2874495E+00    0.2874495E+00   -0.2874627E+00   -0.6743663E+00   -0.3566006E+00    0.2422623E+00    0.9987933E+00    0.9540017E-01    0.2214118E+00    0.1907447E+00   -0.7660418E-01    0.5542498E-02   -0.3067467E+00   -0.3067468E+00    0.3646434E+00    0.3601099E+00    0.4969764E+00    0.6277679E+00   -0.5556435E+00   -0.4598566E+00   -0.1311754E+00    0.6953515E-01    0.8910785E-01   -0.1223851E+00   -0.1477816E-02    0.3209114E-01
    0.2534948E+00   -0.1614751E+00    0.8845208E-01    0.1000000E+01    0.9747227E+00    0.4047899E+00    0.2119745E-01    0.3426102E-02   -0.1441744E-02   -0.5008398E-02   -0.1192553E-01    0.6567160E-02    0.9385555E-02    0.1162820E-02   -0.9470433E-02    0.2046762E+00    0.1849124E+00   -0.1849124E+00   -0.1350552E+00    0.0000000E+00    0.1563342E+00    0.8851185E+00    0.5322683E+00    0.7084267E+00    0.7723829E+00    0.7376026E+00    0.9952324E+00    0.9744217E+00    0.1705709E+00    0.1827357E-01    0.2905068E-01    0.2665748E+00    0.3193941E+00    0.4186156E+00    0.4047899E+00    0.2531332E+00    0.2531339E+00   -0.2530761E+00   -0.2418691E+00   -0.2597277E+00    0.7249526E-01    0.7726670E-01    0.6260055E-01    0.2292955E+00    0.2871371E-01    0.5733295E-01   -0.2213831E+00   -0.1350552E+00   -0.1350552E+00    0.1538887E+00    0.1454146E+00    0.1741329E+00    0.2332700E+00   -0.2137521E+00   -0.1847942E+00    0.7680997E+00    0.9421818E+00    0.6150387E-01   -0.8007912E-02   -0.1025325E-01    0.5702787E-01
    0.2555625E+00   -0.3946133E-01    0.5406225E-01    0.9747227E+00    0.1000000E+01    0.4084845E+00    0.1339076E+00    0.2453878E-02    0.7742010E-03   -0.6143931E-03   -0.2467412E-02    0.2356929E-01    0.2980130E-01    0.4845581E-02   -0.3270370E-02    0.1012223E+00    0.7121286E-01   -0.7121286E-01   -0.7358122E-02    0.0000000E+00    0.2232532E+00    0.9492789E+00    0.6419865E+00    0.8029121E+00    0.8571366E+00    0.8035374E+00    0.9718353E+00    0.9994970E+00    0.3863971E+00    0.9230447E-01    0.1463644E+00    0.4532797E+00    0.4661518E+00    0.5455967E+00    0.4084845E+00    0.2552064E+00    0.2552072E+00   -0.2552230E+00   -0.2008374E+00   -0.2101310E+00   -0.6092587E-01    0.4164433E-01   -0.6898059E-01    0.2637912E+00   -0.1035646E+00    0.1765993E+00   -0.2572348E+00   -0.7358048E-02   -0.7358093E-02    0.2997926E-01    0.1964955E-01    0.5773946E-01    0.1584152E+00   -0.1167240E+00   -0.7100235E-01    0.8548890E+00    0.9854421E+00    0.4911695E-01    0.1302962E-01   -0.1287189E-01    0.5440410E-01
    0.5543162E+00   -0.4123055E+00    0.2218860E+00    0.4047899E+00    0.4084845E+00    0.1000000E+01    0.3701378E-01   -0.2418651E-01   -0.1721494E-01   -0.7881535E-02   -0.2227977E-01    0.8334210E-03    0.7052954E-02   -0.7431673E-02    0.1093932E-01    0.5008118E+00    0.4604429E+00   -0.4604429E+00   -0.3571586E+00    0.0000000E+00    0.3150192E+00    0.3639131E+00    0.4018382E-02    0.1609978E+00    0.2163524E+00   -0.1279051E+00    0.3804077E+00    0.4099695E+00    0.1308302E+00   -0.8017617E+00   -0.2679800E+00    0.5129176E+00    0.7517927E+00    0.8010612E+00    0.1000000E+01    0.5539317E+00    0.5539340E+00   -0.5540842E+00   -0.5548230E+00   -0.5932933E+00    0.2233151E+00    0.1980268E+00    0.1989576E+00    0.4856970E+00    0.1268005E+00    0.6833160E-01   -0.4652568E+00   -0.3571583E+00   -0.3571583E+00    0.3980201E+00    0.3803601E+00    0.4403918E+00    0.5518626E+00   -0.5179094E+00   -0.4607353E+00    0.2216838E+00    0.4629611E+00    0.3396117E+00   -0.6301846E+00    0.1332661E-01    0.4759293E-01
    0.1409329E-01   -0.3443495E-01   -0.1111615E-01    0.2119745E-01    0.1339076E+00    0.3701378E-01    0.1000000E+01   -0.7101398E-02   -0.1460116E-02    0.3984528E-03   -0.3027318E-02   -0.4620141E-02    0.1992025E-01   -0.5408970E-02    0.3072083E-02    0.2814115E-01    0.3161253E-01   -0.3161253E-01   -0.3409502E-01    0.0000000E+00   -0.1519861E-01    0.1153169E+00    0.6530184E-01    0.8991017E-01    0.1001702E+00    0.1050618E+00    0.1998948E-01    0.1334837E+00    0.5031074E+00    0.2550205E+00    0.5264229E+00    0.5140849E+00    0.3773623E+00    0.3054034E+00    0.3701378E-01    0.1385299E-01    0.1385118E-01   -0.1393746E-01   -0.1250057E-01   -0.2500912E-01    0.3141113E-01   -0.1170755E-01    0.3406727E-01    0.6100436E-02    0.2868421E-01   -0.2118212E-01   -0.1115722E-01   -0.3409481E-01   -0.3409486E-01    0.3268945E-01    0.3254096E-01    0.2903502E-01    0.2046634E-01   -0.2672255E-01   -0.3124469E-01    0.9854491E-01    0.1241120E+00   -0.2544286E-02   -0.1990058E-01    0.1067598E-01   -0.1159570E-01
   -0.1783411E-01    0.1552524E-01    0.2295984E-03    0.3426102E-02    0.2453878E-02   -0.2418651E-01   -0.7101398E-02    0.1000000E+01    0.2580915E+00    0.1778989E-01   -0.1987663E+00   -0.5693928E-01   -0.2845356E-01   -0.3712593E-02    0.1452280E-01   -0.1663935E-01   -0.1561652E-01    0.1561652E-01    0.1385150E-01    0.0000000E+00   -0.5157744E-02    0.4750056E-02    0.1204182E-01    0.9398088E-02    0.8334349E-02    0.1687159E-01    0.4176066E-02    0.2398819E-02   -0.3316860E-02    0.2175427E-01   -0.2187959E-03   -0.1467620E-01   -0.2012443E-01   -0.1959207E-01   -0.2418651E-01   -0.1751690E-01   -0.1751461E-01    0.1755510E-01    0.1552686E-01    0.1984470E-01   -0.9719498E-02    0.9677178E-03   -0.1012866E-01   -0.1466798E-01   -0.6643452E-02    0.1289108E-03    0.1601961E-01    0.1385143E-01    0.1385115E-01   -0.1490531E-01   -0.1433411E-01   -0.1510729E-01   -0.1703395E-01    0.1672524E-01    0.1578262E-01    0.8242315E-02    0.1797635E-02   -0.7017258E-01    0.1797227E-01    0.6230030E-01   -0.6105356E-01
   -0.2519281E-01    0.2107039E-01   -0.6911033E-02   -0.1441744E-02    0.7742010E-03   -0.1721494E-01   -0.1460116E-02    0.2580915E+00    0.1000000E+01    0.1836571E-01    0.4720696E+00    0.2969704E-01   -0.6193878E-01    0.3004195E-02    0.1945841E-01   -0.2401482E-01   -0.2258406E-01    0.2258406E-01    0.1866749E-01    0.0000000E+00   -0.1127984E-01    0.6382742E-02    0.1735500E-01    0.1330690E-01    0.1182716E-01    0.1530007E-01    0.2743644E-03    0.5562969E-03    0.9339404E-02    0.1658170E-01   -0.1342628E-02   -0.1278604E-02   -0.7907371E-02   -0.9348017E-02   -0.1721494E-01   -0.2505139E-01   -0.2504914E-01    0.2508635E-01    0.2450631E-01    0.2788708E-01   -0.1269032E-01   -0.5825109E-02   -0.1213809E-01   -0.2112149E-01   -0.8314686E-02   -0.8045944E-03    0.2133584E-01    0.1866735E-01    0.1866717E-01   -0.2029540E-01   -0.1951087E-01   -0.2156689E-01   -0.2535046E-01    0.2455780E-01    0.2261735E-01    0.1146601E-01    0.2036648E-02    0.4158754E-01    0.1260949E-01   -0.4389250E-01    0.4678347E-01
   -0.1396426E-01    0.1916845E-01   -0.8095281E-02   -0.5008398E-02   -0.6143931E-03   -0.7881535E-02    0.3984528E-03    0.1778989E-01    0.1836571E-01    0.1000000E+01   -0.4512406E-01    0.1588168E+00    0.2412892E+00    0.1008912E-01   -0.4823920E-02   -0.2002989E-01   -0.1990912E-01    0.1990912E-01    0.1816838E-01    0.0000000E+00   -0.3279163E-02    0.5112471E-02    0.1474305E-01    0.1115606E-01    0.9629889E-02    0.9376421E-02   -0.3841801E-02   -0.8207933E-03    0.1787100E-01    0.1050961E-01    0.4459075E-02    0.1070391E-01    0.5109561E-02    0.2835761E-02   -0.7881535E-02   -0.1410657E-01   -0.1410217E-01    0.1416623E-01    0.1698303E-01    0.1878147E-01   -0.1514250E-01   -0.7547083E-02   -0.1439110E-01   -0.9988646E-02   -0.1258798E-01    0.6608641E-02    0.9559017E-02    0.1816832E-01    0.1816840E-01   -0.1886065E-01   -0.1855349E-01   -0.1938224E-01   -0.1918959E-01    0.2005352E-01    0.1986201E-01    0.9502352E-02    0.1347708E-02   -0.1454612E+00    0.2284678E-02    0.1643719E+00   -0.1424921E+00
   -0.4257862E-01    0.5114309E-01   -0.1625814E-01   -0.1192553E-01   -0.2467412E-02   -0.2227977E-01   -0.3027318E-02   -0.1987663E+00    0.4720696E+00   -0.4512406E-01    0.1000000E+01    0.1807935E+00    0.4915447E-02    0.1374817E-02    0.3845760E-02   -0.5376395E-01   -0.5291630E-01    0.5291630E-01    0.4777032E-01    0.0000000E+00   -0.1094187E-01    0.1358106E-01    0.3935525E-01    0.2976496E-01    0.2574443E-01    0.2512130E-01   -0.9729032E-02   -0.2412511E-02    0.3828489E-01    0.2596003E-01    0.1285716E-02    0.1894528E-01    0.5912595E-02    0.1078061E-02   -0.2227977E-01   -0.4278478E-01   -0.4278207E-01    0.4275704E-01    0.4681341E-01    0.5392201E-01   -0.3831603E-01   -0.1447723E-01   -0.3713587E-01   -0.3213447E-01   -0.3065551E-01    0.1339240E-01    0.3220751E-01    0.4777022E-01    0.4777032E-01   -0.4999815E-01   -0.4891141E-01   -0.5116651E-01   -0.5230492E-01    0.5396344E-01    0.5286587E-01    0.2537840E-01    0.3499904E-02    0.3086042E+00    0.2460599E-01   -0.3372314E+00    0.3157275E+00
   -0.6781876E-01    0.6618776E-01   -0.8865328E-02    0.6567160E-02    0.2356929E-01    0.8334210E-03   -0.4620141E-02   -0.5693928E-01    0.2969704E-01    0.1588168E+00    0.1807935E+00    0.1000000E+01    0.5434190E+00    0.7851362E-02   -0.1584133E-01   -0.7031867E-01   -0.6787568E-01    0.6787568E-01    0.6013845E-01    0.0000000E+00   -0.1941610E-01    0.4758787E-01    0.7220619E-01    0.6453260E-01    0.6127466E-01    0.4763517E-01    0.1043585E-01    0.2326550E-01    0.7675039E-01    0.1921050E-01   -0.3628085E-02    0.5891921E-01    0.4147295E-01    0.3352147E-01    0.8334210E-03   -0.6800063E-01   -0.6799396E-01    0.6804381E-01    0.6420721E-01    0.7932876E-01   -0.4445883E-01   -0.5827393E-02   -0.4477042E-01   -0.5541699E-01   -0.3241191E-01    0.6796708E-02    0.5851426E-01    0.6013854E-01    0.6013852E-01   -0.6370896E-01   -0.6167982E-01   -0.6482497E-01   -0.7032498E-01    0.7083212E-01    0.6801490E-01    0.6043276E-01    0.3530740E-01    0.1314955E+00    0.6934223E-02   -0.1530793E+00    0.1329059E+00
   -0.8087487E-01    0.7537401E-01   -0.2409693E-01    0.9385555E-02    0.2980130E-01    0.7052954E-02    0.1992025E-01   -0.2845356E-01   -0.6193878E-01    0.2412892E+00    0.4915447E-02    0.5434190E+00    0.1000000E+01    0.6765946E-02   -0.8775097E-02   -0.8366856E-01   -0.7960804E-01    0.7960804E-01    0.6800218E-01    0.0000000E+00   -0.3188758E-01    0.5755342E-01    0.8588777E-01    0.7716840E-01    0.7377930E-01    0.5538883E-01    0.1394470E-01    0.2926221E-01    0.9255275E-01    0.1748926E-01   -0.6090979E-02    0.7362750E-01    0.5382168E-01    0.4408817E-01    0.7052954E-02   -0.8112636E-01   -0.8112060E-01    0.8108919E-01    0.8125873E-01    0.9308733E-01   -0.4916474E-01   -0.2068200E-01   -0.4732297E-01   -0.6715106E-01   -0.3484103E-01    0.4642986E-02    0.6708593E-01    0.6800247E-01    0.6800250E-01   -0.7304976E-01   -0.7063824E-01   -0.7659484E-01   -0.8622555E-01    0.8495789E-01    0.7974438E-01    0.7244105E-01    0.4321430E-01   -0.1251162E-02    0.2191719E-03    0.4755381E-02   -0.1137256E-02
   -0.6465860E-02    0.1495817E-03    0.4366029E-02    0.1162820E-02    0.4845581E-02   -0.7431673E-02   -0.5408970E-02   -0.3712593E-02    0.3004195E-02    0.1008912E-01    0.1374817E-02    0.7851362E-02    0.6765946E-02    0.1000000E+01    0.1439371E-01   -0.8966819E-03   -0.1627274E-04    0.1627274E-04   -0.7002713E-03    0.0000000E+00   -0.3376737E-02    0.3958093E-02    0.2957600E-02    0.3542950E-02    0.3869703E-02    0.7632021E-02    0.1437329E-02    0.4916848E-02    0.1647511E-01    0.1793702E-01    0.2194656E-01    0.1386027E-01    0.6344408E-02    0.3415394E-02   -0.7431673E-02   -0.6442512E-02   -0.6442665E-02    0.6311294E-02    0.2639267E-02    0.4847685E-02    0.2380768E-02    0.4822673E-02    0.1708703E-02   -0.6748268E-02    0.3426180E-02   -0.5166522E-02    0.7937635E-02   -0.7002782E-03   -0.7003263E-03    0.1720058E-03    0.4757517E-03    0.1351823E-03   -0.2100633E-02    0.1066104E-02    0.1563758E-03    0.3781417E-02    0.3985716E-02   -0.1248189E+00    0.1427252E-01    0.1029431E+00   -0.1166402E+00
    0.5582250E-02    0.1303816E-01   -0.6757852E-02   -0.9470433E-02   -0.3270370E-02    0.1093932E-01    0.3072083E-02    0.1452280E-01    0.1945841E-01   -0.4823920E-02    0.3845760E-02   -0.1584133E-01   -0.8775097E-02    0.1439371E-01    0.1000000E+01   -0.1029220E-01   -0.1215936E-01    0.1215936E-01    0.1435588E-01    0.0000000E+00    0.1030368E-01    0.2879142E-02    0.8751350E-02    0.6539593E-02    0.5169661E-02   -0.2596800E-02   -0.1100255E-01   -0.2743549E-02    0.2472600E-01   -0.4056533E-02    0.6018507E-02    0.2527396E-01    0.2438104E-01    0.2209300E-01    0.1093932E-01    0.5373340E-02    0.5369976E-02   -0.5566275E-02    0.1962267E-02    0.1303389E-02   -0.1636546E-01   -0.7183451E-02   -0.1571033E-01    0.9362966E-02   -0.1712048E-01    0.1716916E-01   -0.1035330E-01    0.1435582E-01    0.1435565E-01   -0.1347584E-01   -0.1392757E-01   -0.1255338E-01   -0.6137120E-02    0.9423629E-02    0.1205186E-01    0.5487643E-02    0.6150713E-03   -0.3613660E-01    0.4978514E-02    0.4304185E-01   -0.3338006E-01
    0.6000438E+00   -0.9516363E+00    0.5251381E+00    0.2046762E+00    0.1012223E+00    0.5008118E+00    0.2814115E-01   -0.1663935E-01   -0.2401482E-01   -0.2002989E-01   -0.5376395E-01   -0.7031867E-01   -0.8366856E-01   -0.8966819E-03   -0.1029220E-01    0.1000000E+01    0.9895404E+00   -0.9895404E+00   -0.9143430E+00    0.0000000E+00    0.1377697E+00   -0.1725834E+00   -0.6773068E+00   -0.4858193E+00   -0.4035273E+00   -0.4405698E+00    0.1705532E+00    0.1027779E+00   -0.3982022E+00   -0.4191756E+00    0.1490275E+00   -0.1605061E-01    0.1442310E+00    0.1751239E+00    0.5008118E+00    0.5998726E+00    0.5998730E+00   -0.5997754E+00   -0.8337925E+00   -0.8542580E+00    0.7905207E+00    0.5057423E+00    0.7343382E+00    0.3924222E+00    0.6798380E+00   -0.4125610E+00   -0.3289521E+00   -0.9143429E+00   -0.9143429E+00    0.9497577E+00    0.9384586E+00    0.9848704E+00    0.9555583E+00   -0.9971909E+00   -0.9898975E+00   -0.4005468E+00    0.1801247E-01    0.1677785E+00   -0.3227164E+00    0.3097428E-01    0.1831721E-01
    0.4997169E+00   -0.9844043E+00    0.4596951E+00    0.1849124E+00    0.7121286E-01    0.4604429E+00    0.3161253E-01   -0.1561652E-01   -0.2258406E-01   -0.1990912E-01   -0.5291630E-01   -0.6787568E-01   -0.7960804E-01   -0.1627274E-04   -0.1215936E-01    0.9895404E+00    0.1000000E+01   -0.1000000E+01   -0.9618533E+00    0.0000000E+00   -0.1812918E-02   -0.2131188E+00   -0.7121676E+00   -0.5245380E+00   -0.4388170E+00   -0.4616922E+00    0.1533376E+00    0.7272492E-01   -0.4490229E+00   -0.4082400E+00    0.1250914E+00   -0.7159240E-01    0.7708419E-01    0.1007754E+00    0.4604429E+00    0.4997255E+00    0.4997260E+00   -0.4996285E+00   -0.7477558E+00   -0.7920727E+00    0.8665437E+00    0.4449480E+00    0.8217816E+00    0.2761572E+00    0.7720249E+00   -0.5280444E+00   -0.2296042E+00   -0.9618533E+00   -0.9618533E+00    0.9834650E+00    0.9767717E+00    0.9966898E+00    0.9036707E+00   -0.9765542E+00   -0.9999178E+00   -0.4399628E+00   -0.2151442E-01    0.1477272E+00   -0.3128966E+00    0.3161892E-01    0.3011755E-02
   -0.4997169E+00    0.9844043E+00   -0.4596951E+00   -0.1849124E+00   -0.7121286E-01   -0.4604429E+00   -0.3161253E-01    0.1561652E-01    0.2258406E-01    0.1990912E-01    0.5291630E-01    0.6787568E-01    0.7960804E-01    0.1627274E-04    0.1215936E-01   -0.9895404E+00   -0.1000000E+01    0.1000000E+01    0.9618533E+00    0.0000000E+00    0.1812918E-02    0.2131188E+00    0.7121676E+00    0.5245380E+00    0.4388170E+00    0.4616922E+00   -0.1533376E+00   -0.7272492E-01    0.4490229E+00    0.4082400E+00   -0.1250914E+00    0.7159240E-01   -0.7708419E-01   -0.1007754E+00   -0.4604429E+00   -0.4997255E+00   -0.4997260E+00    0.4996285E+00    0.7477558E+00    0.7920727E+00   -0.8665437E+00   -0.4449480E+00   -0.8217816E+00   -0.2761572E+00   -0.7720249E+00    0.5280444E+00    0.2296042E+00    0.9618533E+00    0.9618533E+00   -0.9834650E+00   -0.9767717E+00   -0.9966898E+00   -0.9036707E+00    0.9765542E+00    0.9999178E+00    0.4399628E+00    0.2151442E-01   -0.1477272E+00    0.3128966E+00   -0.3161892E-01   -0.3011755E-02
   -0.2758817E+00    0.9925402E+00   -0.3067468E+00   -0.1350552E+00   -0.7358122E-02   -0.3571586E+00   -0.3409502E-01    0.1385150E-01    0.1866749E-01    0.1816838E-01    0.4777032E-01    0.6013845E-01    0.6800218E-01   -0.7002713E-03    0.1435588E-01   -0.9143430E+00   -0.9618533E+00    0.9618533E+00    0.1000000E+01    0.0000000E+00    0.2747187E+00    0.2820383E+00    0.7404833E+00    0.5717939E+00    0.4844392E+00    0.4786609E+00   -0.1097800E+00   -0.8706231E-02    0.5248143E+00    0.3663586E+00   -0.6783655E-01    0.1779092E+00    0.5924485E-01    0.5062363E-01   -0.3571586E+00   -0.2758059E+00   -0.2758064E+00    0.2756689E+00    0.5389002E+00    0.6256335E+00   -0.9662783E+00   -0.3019076E+00   -0.9462040E+00   -0.3374404E-01   -0.9086193E+00    0.7240218E+00    0.2179645E-01    0.1000000E+01    0.1000000E+01   -0.9949981E+00   -0.9975546E+00   -0.9651997E+00   -0.7544351E+00    0.8816734E+00    0.9620558E+00    0.4941519E+00    0.9941338E-01   -0.1278600E+00    0.2722066E+00   -0.3139479E-01   -0.1971346E-02
    0.0000000E+00    0.0000000E+00    0.0000000E+00    0.0000000E+00    0.0000000E+00    0.0000000E+00    0.0000000E+00    0.0000000E+00    0.0000000E+00    0.0000000E+00    0.0000000E+00    0.0000000E+00    0.0000000E+00    0.0000000E+00    0.0000000E+00    0.0000000E+00    0.0000000E+00    0.0000000E+00    0.0000000E+00    0.0000000E+00    0.0000000E+00    0.0000000E+00    0.0000000E+00    0.0000000E+00    0.0000000E+00    0.0000000E+00    0.0000000E+00    0.0000000E+00    0.0000000E+00    0.0000000E+00    0.0000000E+00    0.0000000E+00    0.0000000E+00    0.0000000E+00    0.0000000E+00    0.0000000E+00    0.0000000E+00    0.0000000E+00    0.0000000E+00    0.0000000E+00    0.0000000E+00    0.0000000E+00    0.0000000E+00    0.0000000E+00    0.0000000E+00    0.0000000E+00    0.0000000E+00    0.0000000E+00    0.0000000E+00    0.0000000E+00    0.0000000E+00    0.0000000E+00    0.0000000E+00    0.0000000E+00    0.0000000E+00    0.0000000E+00    0.0000000E+00    0.0000000E+00    0.0000000E+00    0.0000000E+00    0.0000000E+00
    0.7505549E+00    0.1678558E+00    0.4965513E+00    0.1563342E+00    0.2232532E+00    0.3150192E+00   -0.1519861E-01   -0.5157744E-02   -0.1127984E-01   -0.3279163E-02   -0.1094187E-01   -0.1941610E-01   -0.3188758E-01   -0.3376737E-02    0.1030368E-01    0.1377697E+00   -0.1812918E-02    0.1812918E-02    0.2747187E+00    0.0000000E+00    0.1000000E+01    0.2811829E+00    0.2032161E+00    0.2457750E+00    0.2276329E+00    0.1256923E+00    0.1372945E+00    0.2236553E+00    0.3392628E+00   -0.9791904E-01    0.1899439E+00    0.3982194E+00    0.4881011E+00    0.5402604E+00    0.3150192E+00    0.7504639E+00    0.7504637E+00   -0.7505798E+00   -0.6615961E+00   -0.4987693E+00   -0.4867287E+00    0.4623003E+00   -0.5710108E+00    0.8498648E+00   -0.6086004E+00    0.7919181E+00   -0.7287674E+00    0.2747189E+00    0.2747189E+00   -0.1791288E+00   -0.2121825E+00   -0.2298223E-01    0.4225696E+00   -0.2112946E+00    0.2017402E-02    0.2587659E+00    0.2871679E+00    0.7253841E-01   -0.1020791E+00   -0.3458051E-02    0.2500744E-01
    0.1399593E+00    0.2523126E+00   -0.2032653E-01    0.8851185E+00    0.9492789E+00    0.3639131E+00    0.1153169E+00    0.4750056E-02    0.6382742E-02    0.5112471E-02    0.1358106E-01    0.4758787E-01    0.5755342E-01    0.3958093E-02    0.2879142E-02   -0.1725834E+00   -0.2131188E+00    0.2131188E+00    0.2820383E+00    0.0000000E+00    0.2811829E+00    0.1000000E+01    0.8375237E+00    0.9435668E+00    0.9708490E+00    0.8760188E+00    0.8890301E+00    0.9490049E+00    0.5325706E+00    0.1061699E+00    0.4526367E-01    0.5189577E+00    0.5147734E+00    0.5863863E+00    0.3639131E+00    0.1396551E+00    0.1396561E+00   -0.1397381E+00   -0.2583947E-01   -0.1084622E-03   -0.3310129E+00   -0.2934417E-01   -0.3355142E+00    0.2168443E+00   -0.3510025E+00    0.3605415E+00   -0.2092560E+00    0.2820384E+00    0.2820384E+00   -0.2602767E+00   -0.2697970E+00   -0.2248835E+00   -0.7490409E-01    0.1490773E+00    0.2134759E+00    0.9710732E+00    0.9813681E+00    0.4193652E-01    0.3414571E-01   -0.2189477E-01    0.5695372E-01
   -0.1787539E+00    0.7317210E+00   -0.2715807E+00    0.5322683E+00    0.6419865E+00    0.4018382E-02    0.6530184E-01    0.1204182E-01    0.1735500E-01    0.1474305E-01    0.3935525E-01    0.7220619E-01    0.8588777E-01    0.2957600E-02    0.8751350E-02   -0.6773068E+00   -0.7121676E+00    0.7121676E+00    0.7404833E+00    0.0000000E+00    0.2032161E+00    0.8375237E+00    0.1000000E+01    0.9712134E+00    0.9428455E+00    0.8874467E+00    0.5531518E+00    0.6408847E+00    0.6338537E+00    0.3042406E+00   -0.3728397E-01    0.4130511E+00    0.3268853E+00    0.3650814E+00    0.4018382E-02   -0.1789234E+00   -0.1789230E+00    0.1788036E+00    0.3994709E+00    0.4426798E+00   -0.7224171E+00   -0.2698170E+00   -0.7006325E+00    0.1516088E-02   -0.6839492E+00    0.5544457E+00   -0.2214715E-01    0.7404833E+00    0.7404833E+00   -0.7369596E+00   -0.7400556E+00   -0.7189231E+00   -0.5591471E+00    0.6531118E+00    0.7124239E+00    0.9436801E+00    0.7169428E+00   -0.5254965E-01    0.1970727E+00   -0.3340534E-01    0.3805606E-01
   -0.4734620E-01    0.5535251E+00   -0.1734973E+00    0.7084267E+00    0.8029121E+00    0.1609978E+00    0.8991017E-01    0.9398088E-02    0.1330690E-01    0.1115606E-01    0.2976496E-01    0.6453260E-01    0.7716840E-01    0.3542950E-02    0.6539593E-02   -0.4858193E+00   -0.5245380E+00    0.5245380E+00    0.5717939E+00    0.0000000E+00    0.2457750E+00    0.9435668E+00    0.9712134E+00    0.1000000E+01    0.9946985E+00    0.9197949E+00    0.7228015E+00    0.8021247E+00    0.6163994E+00    0.2307673E+00   -0.2774285E-02    0.4766174E+00    0.4225349E+00    0.4768917E+00    0.1609978E+00   -0.4757162E-01   -0.4757096E-01    0.4746180E-01    0.2309122E+00    0.2682805E+00   -0.5822078E+00   -0.1763593E+00   -0.5709624E+00    0.9544502E-01   -0.5676033E+00    0.4932639E+00   -0.1046676E+00    0.5717939E+00    0.5717939E+00   -0.5602129E+00   -0.5662367E+00   -0.5338615E+00   -0.3716654E+00    0.4608922E+00    0.5248789E+00    0.9953182E+00    0.8623547E+00   -0.1430993E-01    0.1342499E+00   -0.2980096E-01    0.4712552E-01
   -0.1595878E-01    0.4658977E+00   -0.1466068E+00    0.7723829E+00    0.8571366E+00    0.2163524E+00    0.1001702E+00    0.8334349E-02    0.1182716E-01    0.9629889E-02    0.2574443E-01    0.6127466E-01    0.7377930E-01    0.3869703E-02    0.5169661E-02   -0.4035273E+00   -0.4388170E+00    0.4388170E+00    0.4844392E+00    0.0000000E+00    0.2276329E+00    0.9708490E+00    0.9428455E+00    0.9946985E+00    0.1000000E+01    0.9208837E+00    0.7844830E+00    0.8564701E+00    0.5915361E+00    0.2003032E+00    0.5593187E-02    0.4859278E+00    0.4431020E+00    0.5021350E+00    0.2163524E+00   -0.1620943E-01   -0.1620864E-01    0.1610944E-01    0.1787672E+00    0.2077261E+00   -0.4997712E+00   -0.1502639E+00   -0.4902900E+00    0.1059680E+00   -0.4914156E+00    0.4352568E+00   -0.1143171E+00    0.4844393E+00    0.4844392E+00   -0.4727456E+00   -0.4788464E+00   -0.4483893E+00   -0.3018696E+00    0.3810376E+00    0.4391700E+00    0.9994491E+00    0.9071421E+00    0.1330031E-03    0.1093960E+00   -0.2785377E-01    0.5003714E-01
   -0.1238960E+00    0.4740553E+00   -0.1741145E+00    0.7376026E+00    0.8035374E+00   -0.1279051E+00    0.1050618E+00    0.1687159E-01    0.1530007E-01    0.9376421E-02    0.2512130E-01    0.4763517E-01    0.5538883E-01    0.7632021E-02   -0.2596800E-02   -0.4405698E+00   -0.4616922E+00    0.4616922E+00    0.4786609E+00    0.0000000E+00    0.1256923E+00    0.8760188E+00    0.8874467E+00    0.9197949E+00    0.9208837E+00    0.1000000E+01    0.7543335E+00    0.8022827E+00    0.4986112E+00    0.5289306E+00    0.1962733E+00    0.2882618E+00    0.1611625E+00    0.2128473E+00   -0.1279051E+00   -0.1240574E+00   -0.1240576E+00    0.1240547E+00    0.2636786E+00    0.2930391E+00   -0.4649466E+00   -0.1724940E+00   -0.4510969E+00   -0.7630789E-02   -0.4386837E+00    0.3524772E+00   -0.5034378E-02    0.4786608E+00    0.4786608E+00   -0.4773829E+00   -0.4790195E+00   -0.4662424E+00   -0.3660938E+00    0.4252824E+00    0.4620896E+00    0.9179220E+00    0.8056199E+00   -0.1289646E+00    0.3604610E+00   -0.2916347E-01    0.3719628E-01
    0.2171280E+00   -0.1326602E+00    0.7478368E-01    0.9952324E+00    0.9718353E+00    0.3804077E+00    0.1998948E-01    0.4176066E-02    0.2743644E-03   -0.3841801E-02   -0.9729032E-02    0.1043585E-01    0.1394470E-01    0.1437329E-02   -0.1100255E-01    0.1705532E+00    0.1533376E+00   -0.1533376E+00   -0.1097800E+00    0.0000000E+00    0.1372945E+00    0.8890301E+00    0.5531518E+00    0.7228015E+00    0.7844830E+00    0.7543335E+00    0.1000000E+01    0.9689232E+00    0.1774985E+00    0.3143445E-01    0.2076173E-01    0.2589410E+00    0.3038605E+00    0.4011234E+00    0.3804077E+00    0.2169055E+00    0.2169060E+00   -0.2168599E+00   -0.2054077E+00   -0.2201734E+00    0.5592527E-01    0.6517278E-01    0.4743785E-01    0.1979236E+00    0.1848851E-01    0.5463217E-01   -0.1911542E+00   -0.1097800E+00   -0.1097800E+00    0.1260209E+00    0.1186923E+00    0.1437627E+00    0.1963022E+00   -0.1786868E+00   -0.1531528E+00    0.7796389E+00    0.9398194E+00    0.5309507E-01   -0.4844193E-01   -0.1234212E-01    0.3028342E-01
    0.2567831E+00   -0.4090703E-01    0.5467946E-01    0.9744217E+00    0.9994970E+00    0.4099695E+00    0.1334837E+00    0.2398819E-02    0.5562969E-03   -0.8207933E-03   -0.2412511E-02    0.2326550E-01    0.2926221E-01    0.4916848E-02   -0.2743549E-02    0.1027779E+00    0.7272492E-01   -0.7272492E-01   -0.8706231E-02    0.0000000E+00    0.2236553E+00    0.9490049E+00    0.6408847E+00    0.8021247E+00    0.8564701E+00    0.8022827E+00    0.9689232E+00    0.1000000E+01    0.3854526E+00    0.9266177E-01    0.1457989E+00    0.4531524E+00    0.4666333E+00    0.5462946E+00    0.4099695E+00    0.2563957E+00    0.2563965E+00   -0.2564072E+00   -0.2022324E+00   -0.2116389E+00   -0.5985194E-01    0.4221070E-01   -0.6796422E-01    0.2647114E+00   -0.1027063E+00    0.1762192E+00   -0.2580820E+00   -0.8706155E-02   -0.8706196E-02    0.3139676E-01    0.2103584E-01    0.5921596E-01    0.1599560E+00   -0.1182860E+00   -0.7251520E-01    0.8542412E+00    0.9854798E+00    0.5033913E-01    0.3165535E-01   -0.1252022E-01    0.6410758E-01
    0.8084670E-01    0.4922802E+00   -0.1266169E+00    0.1705709E+00    0.3863971E+00    0.1308302E+00    0.5031074E+00   -0.3316860E-02    0.9339404E-02    0.1787100E-01    0.3828489E-01    0.7675039E-01    0.9255275E-01    0.1647511E-01    0.2472600E-01   -0.3982022E+00   -0.4490229E+00    0.4490229E+00    0.5248143E+00    0.0000000E+00    0.3392628E+00    0.5325706E+00    0.6338537E+00    0.6163994E+00    0.5915361E+00    0.4986112E+00    0.1774985E+00    0.3854526E+00    0.1000000E+01    0.3313454E+00    0.5255764E+00    0.8988146E+00    0.7376146E+00    0.6783891E+00    0.1308302E+00    0.8076767E-01    0.8076839E-01   -0.8107484E-01    0.1124557E+00    0.1451796E+00   -0.5677351E+00   -0.1352164E+00   -0.5624196E+00    0.2169747E+00   -0.5750848E+00    0.5420722E+00   -0.2207111E+00    0.5248145E+00    0.5248144E+00   -0.5027482E+00   -0.5133288E+00   -0.4638802E+00   -0.2639838E+00    0.3673085E+00    0.4494422E+00    0.5992970E+00    0.4565383E+00   -0.3527598E-01    0.9038941E-01   -0.1372395E-01    0.6432348E-02
   -0.3205588E+00    0.3914653E+00   -0.1663036E+00    0.1827357E-01    0.9230447E-01   -0.8017617E+00    0.2550205E+00    0.2175427E-01    0.1658170E-01    0.1050961E-01    0.2596003E-01    0.1921050E-01    0.1748926E-01    0.1793702E-01   -0.4056533E-02   -0.4191756E+00   -0.4082400E+00    0.4082400E+00    0.3663586E+00    0.0000000E+00   -0.9791904E-01    0.1061699E+00    0.3042406E+00    0.2307673E+00    0.2003032E+00    0.5289306E+00    0.3143445E-01    0.9266177E-01    0.3313454E+00    0.1000000E+01    0.6701554E+00   -0.1638358E-01   -0.3163879E+00   -0.3638944E+00   -0.8017617E+00   -0.3204248E+00   -0.3204266E+00    0.3204978E+00    0.3721660E+00    0.4074328E+00   -0.2956207E+00   -0.1538180E+00   -0.2800228E+00   -0.2403094E+00   -0.2379430E+00    0.1078969E+00    0.2283209E+00    0.3663584E+00    0.3663584E+00   -0.3855712E+00   -0.3775517E+00   -0.4001990E+00   -0.4131078E+00    0.4209749E+00    0.4087040E+00    0.1974525E+00    0.2839773E-01   -0.3409035E+00    0.7322394E+00   -0.1554417E-01   -0.2308520E-02
    0.2656117E+00   -0.9864689E-01    0.4750179E-01    0.2905068E-01    0.1463644E+00   -0.2679800E+00    0.5264229E+00   -0.2187959E-03   -0.1342628E-02    0.4459075E-02    0.1285716E-02   -0.3628085E-02   -0.6090979E-02    0.2194656E-01    0.6018507E-02    0.1490275E+00    0.1250914E+00   -0.1250914E+00   -0.6783655E-01    0.0000000E+00    0.1899439E+00    0.4526367E-01   -0.3728397E-01   -0.2774285E-02    0.5593187E-02    0.1962733E+00    0.2076173E-01    0.1457989E+00    0.5255764E+00    0.6701554E+00    0.1000000E+01    0.4629087E+00    0.2419812E+00    0.1709736E+00   -0.2679800E+00    0.2657422E+00    0.2657411E+00   -0.2658176E+00   -0.2183197E+00   -0.2428852E+00   -0.9789188E-03    0.3488519E-01   -0.6355447E-02    0.2592425E+00   -0.4607454E-01    0.1283506E+00   -0.2584484E+00   -0.6783660E-01   -0.6783662E-01    0.8789805E-01    0.7792509E-01    0.1097622E+00    0.1916039E+00   -0.1615396E+00   -0.1245794E+00    0.1138202E-01    0.7074121E-01   -0.1893018E+00    0.3539923E+00    0.9229089E-02   -0.2528540E-01
    0.3414506E+00    0.1270471E+00    0.3061521E-01    0.2665748E+00    0.4532797E+00    0.5129176E+00    0.5140849E+00   -0.1467620E-01   -0.1278604E-02    0.1070391E-01    0.1894528E-01    0.5891921E-01    0.7362750E-01    0.1386027E-01    0.2527396E-01   -0.1605061E-01   -0.7159240E-01    0.7159240E-01    0.1779092E+00    0.0000000E+00    0.3982194E+00    0.5189577E+00    0.4130511E+00    0.4766174E+00    0.4859278E+00    0.2882618E+00    0.2589410E+00    0.4531524E+00    0.8988146E+00   -0.1638358E-01    0.4629087E+00    0.1000000E+01    0.9449947E+00    0.8998500E+00    0.5129176E+00    0.3413056E+00    0.3413070E+00   -0.3416370E+00   -0.2096703E+00   -0.2057283E+00   -0.2766291E+00    0.1245042E-01   -0.2860781E+00    0.4000739E+00   -0.3314559E+00    0.4092526E+00   -0.3913374E+00    0.1779095E+00    0.1779094E+00   -0.1417554E+00   -0.1581269E+00   -0.9266336E-01    0.1029497E+00   -0.1428768E-01    0.7193026E-01    0.4945500E+00    0.5168258E+00    0.9857996E-01   -0.1775531E+00   -0.8057997E-03    0.1626748E-01
    0.5094390E+00   -0.7887231E-02    0.1002894E+00    0.3193941E+00    0.4661518E+00    0.7517927E+00    0.3773623E+00   -0.2012443E-01   -0.7907371E-02    0.5109561E-02    0.5912595E-02    0.4147295E-01    0.5382168E-01    0.6344408E-02    0.2438104E-01    0.1442310E+00    0.7708419E-01   -0.7708419E-01    0.5924485E-01    0.0000000E+00    0.4881011E+00    0.5147734E+00    0.3268853E+00    0.4225349E+00    0.4431020E+00    0.1611625E+00    0.3038605E+00    0.4666333E+00    0.7376146E+00   -0.3163879E+00    0.2419812E+00    0.9449947E+00    0.1000000E+01    0.9880124E+00    0.7517927E+00    0.5092140E+00    0.5092158E+00   -0.5095284E+00   -0.3811873E+00   -0.3897094E+00   -0.1980536E+00    0.7496669E-01   -0.2149724E+00    0.5445963E+00   -0.2822501E+00    0.4203010E+00   -0.5296465E+00    0.5924521E-01    0.5924511E-01   -0.1090790E-01   -0.3249510E-01    0.5039052E-01    0.2764815E+00   -0.1791815E+00   -0.7691993E-01    0.4542454E+00    0.5418115E+00    0.1995330E+00   -0.3683859E+00    0.4071854E-02    0.2881640E-01
    0.5727596E+00   -0.2417407E-01    0.1164182E+00    0.4186156E+00    0.5455967E+00    0.8010612E+00    0.3054034E+00   -0.1959207E-01   -0.9348017E-02    0.2835761E-02    0.1078061E-02    0.3352147E-01    0.4408817E-01    0.3415394E-02    0.2209300E-01    0.1751239E+00    0.1007754E+00   -0.1007754E+00    0.5062363E-01    0.0000000E+00    0.5402604E+00    0.5863863E+00    0.3650814E+00    0.4768917E+00    0.5021350E+00    0.2128473E+00    0.4011234E+00    0.5462946E+00    0.6783891E+00   -0.3638944E+00    0.1709736E+00    0.8998500E+00    0.9880124E+00    0.1000000E+01    0.8010612E+00    0.5724848E+00    0.5724866E+00   -0.5727676E+00   -0.4336552E+00   -0.4445181E+00   -0.2060101E+00    0.8807522E-01   -0.2251602E+00    0.6082071E+00   -0.3008513E+00    0.4577469E+00   -0.5913402E+00    0.5062397E-01    0.5062389E-01    0.3306193E-02   -0.2074981E-01    0.7123324E-01    0.3202962E+00   -0.2135683E+00   -0.1006543E+00    0.5142187E+00    0.6197585E+00    0.2170720E+00   -0.3844654E+00    0.3292539E-02    0.3878601E-01
    0.5543162E+00   -0.4123055E+00    0.2218860E+00    0.4047899E+00    0.4084845E+00    0.1000000E+01    0.3701378E-01   -0.2418651E-01   -0.1721494E-01   -0.7881535E-02   -0.2227977E-01    0.8334210E-03    0.7052954E-02   -0.7431673E-02    0.1093932E-01    0.5008118E+00    0.4604429E+00   -0.4604429E+00   -0.3571586E+00    0.0000000E+00    0.3150192E+00    0.3639131E+00    0.4018382E-02    0.1609978E+00    0.2163524E+00   -0.1279051E+00    0.3804077E+00    0.4099695E+00    0.1308302E+00   -0.8017617E+00   -0.2679800E+00    0.5129176E+00    0.7517927E+00    0.8010612E+00    0.1000000E+01    0.5539317E+00    0.5539340E+00   -0.5540842E+00   -0.5548230E+00   -0.5932933E+00    0.2233151E+00    0.1980268E+00    0.1989576E+00    0.4856970E+00    0.1268005E+00    0.6833160E-01   -0.4652568E+00   -0.3571583E+00   -0.3571583E+00    0.3980201E+00    0.3803601E+00    0.4403918E+00    0.5518626E+00   -0.5179094E+00   -0.4607353E+00    0.2216838E+00    0.4629611E+00    0.3396117E+00   -0.6301846E+00    0.1332661E-01    0.4759293E-01
    0.9997981E+00   -0.3909116E+00    0.2874495E+00    0.2531332E+00    0.2552064E+00    0.5539317E+00    0.1385299E-01   -0.1751690E-01   -0.2505139E-01   -0.1410657E-01   -0.4278478E-01   -0.6800063E-01   -0.8112636E-01   -0.6442512E-02    0.5373340E-02    0.5998726E+00    0.4997255E+00   -0.4997255E+00   -0.2758059E+00    0.0000000E+00    0.7504639E+00    0.1396551E+00   -0.1789234E+00   -0.4757162E-01   -0.1620943E-01   -0.1240574E+00    0.2169055E+00    0.2563957E+00    0.8076767E-01   -0.3204248E+00    0.2657422E+00    0.3413056E+00    0.5092140E+00    0.5724848E+00    0.5539317E+00    0.1000000E+01    0.9999999E+00   -0.9999055E+00   -0.8723412E+00   -0.9223431E+00    0.1917997E-01    0.2410353E+00   -0.1733534E-01    0.9696457E+00   -0.1506794E+00    0.4632429E+00   -0.9401608E+00   -0.2758057E+00   -0.2758057E+00    0.3587700E+00    0.3217631E+00    0.4544671E+00    0.7711452E+00   -0.6485291E+00   -0.4997069E+00    0.6162534E-02    0.2410256E+00    0.1405924E+00   -0.2756650E+00    0.2214536E-01    0.1296054E-01
    0.9997981E+00   -0.3909120E+00    0.2874495E+00    0.2531339E+00    0.2552072E+00    0.5539340E+00    0.1385118E-01   -0.1751461E-01   -0.2504914E-01   -0.1410217E-01   -0.4278207E-01   -0.6799396E-01   -0.8112060E-01   -0.6442665E-02    0.5369976E-02    0.5998730E+00    0.4997260E+00   -0.4997260E+00   -0.2758064E+00    0.0000000E+00    0.7504637E+00    0.1396561E+00   -0.1789230E+00   -0.4757096E-01   -0.1620864E-01   -0.1240576E+00    0.2169060E+00    0.2563965E+00    0.8076839E-01   -0.3204266E+00    0.2657411E+00    0.3413070E+00    0.5092158E+00    0.5724866E+00    0.5539340E+00    0.9999999E+00    0.1000000E+01   -0.9999055E+00   -0.8723412E+00   -0.9223433E+00    0.1918044E-01    0.2410353E+00   -0.1733486E-01    0.9696456E+00   -0.1506789E+00    0.4632425E+00   -0.9401607E+00   -0.2758062E+00   -0.2758062E+00    0.3587704E+00    0.3217635E+00    0.4544674E+00    0.7711453E+00   -0.6485294E+00   -0.4997073E+00    0.6163339E-02    0.2410268E+00    0.1405918E+00   -0.2756647E+00    0.2213932E-01    0.1296005E-01
   -0.9998252E+00    0.3907838E+00   -0.2874627E+00   -0.2530761E+00   -0.2552230E+00   -0.5540842E+00   -0.1393746E-01    0.1755510E-01    0.2508635E-01    0.1416623E-01    0.4275704E-01    0.6804381E-01    0.8108919E-01    0.6311294E-02   -0.5566275E-02   -0.5997754E+00   -0.4996285E+00    0.4996285E+00    0.2756689E+00    0.0000000E+00   -0.7505798E+00   -0.1397381E+00    0.1788036E+00    0.4746180E-01    0.1610944E-01    0.1240547E+00   -0.2168599E+00   -0.2564072E+00   -0.8107484E-01    0.3204978E+00   -0.2658176E+00   -0.3416370E+00   -0.5095284E+00   -0.5727676E+00   -0.5540842E+00   -0.9999055E+00   -0.9999055E+00    0.1000000E+01    0.8723352E+00    0.9223416E+00   -0.1903134E-01   -0.2410482E+00    0.1749002E-01   -0.9697176E+00    0.1508348E+00   -0.4634088E+00    0.9402611E+00    0.2756687E+00    0.2756687E+00   -0.3586396E+00   -0.3216307E+00   -0.4543498E+00   -0.7710806E+00    0.6484493E+00    0.4996045E+00   -0.6268861E-02   -0.2410885E+00   -0.1399591E+00    0.2759100E+00   -0.2206373E-01   -0.1222395E-01
