# omegabh2 omegach2 theta tau logA ns calPlanck galfTE100 galfTE100143 galfTE100217 galfTE143 galfTE143217 galfTE217 cal0 cal2
    0.6277635E-07   -0.1935203E-06    0.3717706E-07    0.1347250E-05    0.2902097E-05    0.1406998E-05    0.8865544E-08   -0.1707464E-06   -0.1866778E-06   -0.3000063E-06   -0.5992005E-06   -0.2181046E-05   -0.5738982E-05   -0.1614810E-08    0.2807794E-08
   -0.1935203E-06    0.3901951E-05   -0.3366787E-06   -0.6765933E-05   -0.3532884E-05   -0.8250837E-05   -0.1707793E-06    0.1171875E-05    0.1230925E-05    0.3246701E-05    0.5674275E-05    0.1678168E-04    0.4216826E-04    0.2945212E-09    0.5170293E-07
    0.3717706E-07   -0.3366787E-06    0.2664623E-06    0.9685169E-06    0.1264820E-05    0.1160341E-05   -0.1440678E-07    0.4528862E-08   -0.1055064E-06   -0.3583144E-06   -0.4713803E-06   -0.5873942E-06   -0.3522921E-05    0.2246475E-08   -0.7003007E-08
    0.1347250E-05   -0.6765933E-05    0.9685169E-06    0.4499481E-03    0.9370852E-03    0.8698588E-04    0.1128911E-05    0.2777050E-05   -0.9044558E-06   -0.9109498E-05   -0.1420828E-04    0.1788034E-04    0.5638510E-04    0.2458617E-07   -0.4032822E-06
    0.2902097E-05   -0.3532884E-05    0.1264820E-05    0.9370852E-03    0.2054157E-02    0.1875557E-03    0.1523761E-04    0.4249835E-05    0.1037740E-05   -0.2387688E-05   -0.6281175E-05    0.1371135E-03    0.3825385E-03    0.2189071E-06   -0.2975580E-06
    0.1406998E-05   -0.8250837E-05    0.1160341E-05    0.8698588E-04    0.1875557E-03    0.1026303E-03    0.9414477E-06   -0.9362964E-05   -0.5157764E-05   -0.6846413E-05   -0.1267742E-04    0.1083725E-05    0.2023635E-04   -0.7504497E-07    0.2224776E-06
    0.8865544E-08   -0.1707793E-06   -0.1440678E-07    0.1128911E-05    0.1523761E-04    0.9414477E-06    0.6303617E-05   -0.6813042E-06   -0.1084178E-06    0.8578004E-07   -0.4269091E-06   -0.1488905E-05    0.1416488E-04   -0.1353651E-07    0.1548410E-07
   -0.1707464E-06    0.1171875E-05    0.4528862E-08    0.2777050E-05    0.4249835E-05   -0.9362964E-05   -0.6813042E-06    0.1460174E-02    0.2916715E-03    0.5828946E-04   -0.4266067E-03   -0.2792744E-03   -0.3079371E-03   -0.1414089E-06    0.1114065E-05
   -0.1866778E-06    0.1230925E-05   -0.1055064E-06   -0.9044558E-06    0.1037740E-05   -0.5157764E-05   -0.1084178E-06    0.2916715E-03    0.8746537E-03    0.4657364E-04    0.7841635E-03    0.1127322E-03   -0.5188047E-03    0.8856117E-07    0.1155270E-05
   -0.3000063E-06    0.3246701E-05   -0.3583144E-06   -0.9109498E-05   -0.2387688E-05   -0.6846413E-05    0.8578004E-07    0.5828946E-04    0.4657364E-04    0.7352395E-02   -0.2173227E-03    0.1747945E-02    0.5859702E-02    0.8623127E-06   -0.8303717E-06
   -0.5992005E-06    0.5674275E-05   -0.4713803E-06   -0.1420828E-04   -0.6281175E-05   -0.1267742E-04   -0.4269091E-06   -0.4266067E-03    0.7841635E-03   -0.2173227E-03    0.3154750E-02    0.1303414E-02    0.7819315E-04    0.7697051E-07    0.4336333E-06
   -0.2181046E-05    0.1678168E-04   -0.5873942E-06    0.1788034E-04    0.1371135E-03    0.1083725E-05   -0.1488905E-05   -0.2792744E-03    0.1127322E-03    0.1747945E-02    0.1303414E-02    0.1647532E-01    0.1975490E-01    0.1004521E-05   -0.4081939E-05
   -0.5738982E-05    0.4216826E-04   -0.3522921E-05    0.5638510E-04    0.3825385E-03    0.2023635E-04    0.1416488E-04   -0.3079371E-03   -0.5188047E-03    0.5859702E-02    0.7819315E-04    0.1975490E-01    0.8021330E-01    0.1910068E-05   -0.4989225E-05
   -0.1614810E-08    0.2945212E-09    0.2246475E-08    0.2458617E-07    0.2189071E-06   -0.7504497E-07   -0.1353651E-07   -0.1414089E-06    0.8856117E-07    0.8623127E-06    0.7697051E-07    0.1004521E-05    0.1910068E-05    0.9935603E-06    0.2880235E-07
    0.2807794E-08    0.5170293E-07   -0.7003007E-08   -0.4032822E-06   -0.2975580E-06    0.2224776E-06    0.1548410E-07    0.1114065E-05    0.1155270E-05   -0.8303717E-06    0.4336333E-06   -0.4081939E-05   -0.4989225E-05    0.2880235E-07    0.4030101E-05
