# omegabh2 omegach2 theta tau logA ns calPlanck acib217 xi asz143 aps100 aps143 aps143217 aps217 aksz kgal100 kgal143 kgal143217 kgal217 cal0 cal2
    0.5487378E-07   -0.2939819E-06    0.5511602E-07    0.1964126E-05    0.3371626E-05    0.8615252E-06    0.1692139E-07   -0.2128961E-03    0.3701819E-05    0.6045673E-04   -0.9374525E-03   -0.5736506E-03   -0.1679276E-03   -0.2683316E-05   -0.8242078E-04   -0.2747651E-05    0.6769820E-06   -0.1586689E-04    0.2113878E-04    0.1859478E-08   -0.2228696E-07
   -0.2939819E-06    0.4979748E-05   -0.5231917E-06   -0.1962708E-04   -0.2771261E-04   -0.1169852E-04   -0.1669451E-06    0.6941650E-03   -0.1255161E-04   -0.1611509E-03    0.2511232E-02    0.2492046E-02    0.1316783E-02    0.6432629E-03    0.1902520E-03    0.2225981E-04   -0.9536795E-05    0.8447695E-04   -0.9556534E-06   -0.3616737E-07    0.7256392E-07
    0.5511602E-07   -0.5231917E-06    0.2356261E-06    0.2744361E-05    0.4516001E-05    0.1530878E-05    0.3590342E-07   -0.1106433E-03    0.1277268E-05    0.3819708E-04   -0.4933239E-03   -0.4173149E-03   -0.1787550E-03   -0.6950047E-04   -0.3595201E-04    0.3796235E-05    0.3828397E-05   -0.1576961E-04   -0.1761385E-04    0.7250941E-08   -0.1996225E-07
    0.1964126E-05   -0.1962708E-04    0.2744361E-05    0.3761191E-03    0.7020263E-03    0.6344260E-04   -0.1409640E-05   -0.1650603E-01    0.3318052E-03    0.3452478E-02   -0.6592151E-01   -0.3027491E-01   -0.4021602E-02    0.7965668E-02   -0.5761033E-02   -0.6254939E-03   -0.6681490E-03   -0.2365941E-02   -0.1479371E-03    0.8470593E-08   -0.1935933E-05
    0.3371626E-05   -0.2771261E-04    0.4516001E-05    0.7020263E-03    0.1359781E-02    0.9827259E-04    0.9458832E-05   -0.3182835E-01    0.6996629E-03    0.6533094E-02   -0.1205980E+00   -0.5312030E-01   -0.1749916E-02    0.2369023E-01   -0.1202252E-01   -0.1455910E-02   -0.1812108E-02   -0.5068219E-02    0.9022519E-03    0.1778404E-06   -0.3897080E-05
    0.8615252E-06   -0.1169852E-04    0.1530878E-05    0.6344260E-04    0.9827259E-04    0.3925421E-04    0.5251779E-06   -0.6724821E-02    0.1577609E-03    0.1614338E-02   -0.3345702E-01   -0.1227531E-01    0.3739020E-03    0.4849491E-02   -0.3106099E-02    0.2905254E-03   -0.1683684E-03   -0.7843987E-03    0.3919800E-03   -0.1044252E-06   -0.6663853E-06
    0.1692139E-07   -0.1669451E-06    0.3590342E-07   -0.1409640E-05    0.9458832E-05    0.5251779E-06    0.6323866E-05    0.7548526E-03    0.6002381E-05   -0.7192347E-05    0.4035885E-02    0.6064796E-03    0.4467446E-03    0.1282565E-02   -0.1802998E-04    0.1521473E-04    0.2777612E-04   -0.4562223E-04    0.6598666E-03   -0.1904492E-07   -0.4299554E-07
   -0.2128961E-03    0.6941650E-03   -0.1106433E-03   -0.1650603E-01   -0.3182835E-01   -0.6724821E-02    0.7548526E-03    0.4352288E+02   -0.5053874E+00   -0.1772491E+01    0.4357959E+02    0.1171748E+01   -0.2124526E+02   -0.6090283E+02    0.6495077E+00    0.6186595E-01    0.1819144E+00   -0.1682508E+01   -0.1782037E+02   -0.2860642E-03    0.4470457E-02
    0.3701819E-05   -0.1255161E-04    0.1277268E-05    0.3318052E-03    0.6996629E-03    0.1577609E-03    0.6002381E-05   -0.5053874E+00    0.8154218E-01   -0.7214161E-01   -0.4891412E+00    0.1008902E+01    0.1870203E+01    0.7734138E+00    0.6371481E-01   -0.4907370E-02    0.5513960E-02    0.9576945E-01    0.1099345E+00    0.6444743E-05   -0.2087113E-04
    0.6045673E-04   -0.1611509E-03    0.3819708E-04    0.3452478E-02    0.6533094E-02    0.1614338E-02   -0.7192347E-05   -0.1772491E+01   -0.7214161E-01    0.3719856E+01   -0.2928556E+02   -0.4165088E+01    0.7551587E+01    0.6681165E+01   -0.2678407E+01   -0.1651770E+00    0.7795427E-01    0.2332466E+01    0.2185351E+01    0.1603086E-03   -0.3523728E-03
   -0.9374525E-03    0.2511232E-02   -0.4933239E-03   -0.6592151E-01   -0.1205980E+00   -0.3345702E-01    0.4035885E-02    0.4357959E+02   -0.4891412E+00   -0.2928556E+02    0.7783001E+03    0.7278164E+02   -0.5884429E+02   -0.7032551E+02    0.1445354E+02   -0.3819434E+01    0.2961121E+01   -0.1083031E+02   -0.1545663E+02    0.6360786E-02    0.4080633E-02
   -0.5736506E-03    0.2492046E-02   -0.4173149E-03   -0.3027491E-01   -0.5312030E-01   -0.1227531E-01    0.6064796E-03    0.1171748E+01    0.1008902E+01   -0.4165088E+01    0.7278164E+02    0.6444841E+02    0.4590774E+02    0.1899729E+02   -0.4036301E+01   -0.1886782E+00   -0.1132849E+01    0.3804502E+01    0.3789123E+01    0.1217143E-03    0.2894931E-03
   -0.1679276E-03    0.1316783E-02   -0.1787550E-03   -0.4021602E-02   -0.1749916E-02    0.3739020E-03    0.4467446E-03   -0.2124526E+02    0.1870203E+01    0.7551587E+01   -0.5884429E+02    0.4590774E+02    0.9963243E+02    0.6826973E+02   -0.1195078E+02   -0.5999690E+00   -0.4390574E+00    0.4627511E+01    0.5523750E+01    0.7048197E-03   -0.2508284E-02
   -0.2683316E-05    0.6432629E-03   -0.6950047E-04    0.7965668E-02    0.2369023E-01    0.4849491E-02    0.1282565E-02   -0.6090283E+02    0.7734138E+00    0.6681165E+01   -0.7032551E+02    0.1899729E+02    0.6826973E+02    0.1228238E+03   -0.1054853E+02   -0.3788837E+00   -0.5086135E+00   -0.8045616E+00    0.1451022E+02    0.7279245E-03   -0.7767003E-02
   -0.8242078E-04    0.1902520E-03   -0.3595201E-04   -0.5761033E-02   -0.1202252E-01   -0.3106099E-02   -0.1802998E-04    0.6495077E+00    0.6371481E-01   -0.2678407E+01    0.1445354E+02   -0.4036301E+01   -0.1195078E+02   -0.1054853E+02    0.6098982E+01    0.8068690E-01   -0.8905114E-01   -0.1923406E+01   -0.1686421E+01   -0.1147446E-03    0.1811809E-03
   -0.2747651E-05    0.2225981E-04    0.3796235E-05   -0.6254939E-03   -0.1455910E-02    0.2905254E-03    0.1521473E-04    0.6186595E-01   -0.4907370E-02   -0.1651770E+00   -0.3819434E+01   -0.1886782E+00   -0.5999690E+00   -0.3788837E+00    0.8068690E-01    0.3498798E+01    0.4155204E+00    0.1235126E+00    0.1661292E+00    0.2921205E-03    0.6361721E-05
    0.6769820E-06   -0.9536795E-05    0.3828397E-05   -0.6681490E-03   -0.1812108E-02   -0.1683684E-03    0.2777612E-04    0.1819144E+00    0.5513960E-02    0.7795427E-01    0.2961121E+01   -0.1132849E+01   -0.4390574E+00   -0.5086135E+00   -0.8905114E-01    0.4155204E+00    0.3379702E+01    0.2599481E+01    0.1696020E+01   -0.2780707E-03   -0.2140396E-03
   -0.1586689E-04    0.8447695E-04   -0.1576961E-04   -0.2365941E-02   -0.5068219E-02   -0.7843987E-03   -0.4562223E-04   -0.1682508E+01    0.9576945E-01    0.2332466E+01   -0.1083031E+02    0.3804502E+01    0.4627511E+01   -0.8045616E+00   -0.1923406E+01    0.1235126E+00    0.2599481E+01    0.1730149E+02    0.2586165E+02   -0.2807546E-04    0.2585728E-02
    0.2113878E-04   -0.9556534E-06   -0.1761385E-04   -0.1479371E-03    0.9022519E-03    0.3919800E-03    0.6598666E-03   -0.1782037E+02    0.1099345E+00    0.2185351E+01   -0.1545663E+02    0.3789123E+01    0.5523750E+01    0.1451022E+02   -0.1686421E+01    0.1661292E+00    0.1696020E+01    0.2586165E+02    0.5488368E+02    0.1385152E-05    0.4659682E-02
    0.1859478E-08   -0.3616737E-07    0.7250941E-08    0.8470593E-08    0.1778404E-06   -0.1044252E-06   -0.1904492E-07   -0.2860642E-03    0.6444743E-05    0.1603086E-03    0.6360786E-02    0.1217143E-03    0.7048197E-03    0.7279245E-03   -0.1147446E-03    0.2921205E-03   -0.2780707E-03   -0.2807546E-04    0.1385152E-05    0.6111028E-06   -0.1880741E-07
   -0.2228696E-07    0.7256392E-07   -0.1996225E-07   -0.1935933E-05   -0.3897080E-05   -0.6663853E-06   -0.4299554E-07    0.4470457E-02   -0.2087113E-04   -0.3523728E-03    0.4080633E-02    0.2894931E-03   -0.2508284E-02   -0.7767003E-02    0.1811809E-03    0.6361721E-05   -0.2140396E-03    0.2585728E-02    0.4659682E-02   -0.1880741E-07    0.2129345E-05
