    0.1000000E+01   -0.5623860E+00    0.4847119E+00    0.4323388E+00    0.3903215E+00    0.5870058E+00    0.2872515E-01   -0.1377611E+00    0.5534030E-01    0.1338133E+00   -0.1434476E+00   -0.3050415E+00   -0.7181897E-01   -0.1033590E-02   -0.1424707E+00   -0.6270754E-02    0.1572011E-02   -0.1628425E-01    0.1218080E-01    0.1015433E-01   -0.6519968E-01    0.7120798E+00    0.6432591E+00   -0.6432591E+00   -0.4840555E+00    0.0000000E+00    0.7110754E+00    0.1415016E+00   -0.4050011E+00   -0.2165699E+00   -0.1453582E+00   -0.9839751E-01    0.3890831E+00    0.3905608E+00   -0.3171096E+00   -0.2059379E+00    0.4289232E+00    0.5798839E-01    0.4154434E+00    0.6160760E+00    0.5870058E+00    0.9997857E+00    0.9997857E+00   -0.9998290E+00   -0.9070822E+00   -0.9293489E+00    0.2919833E+00    0.4468271E+00    0.2433091E+00    0.9593992E+00    0.1433745E+00    0.2035745E+00   -0.9298743E+00   -0.4840555E+00   -0.4840554E+00    0.5451054E+00    0.5203013E+00    0.6174267E+00    0.8350676E+00   -0.7459014E+00   -0.6436241E+00   -0.1131900E+00    0.3304347E+00   -0.3971122E-01    0.6166498E-01   -0.8174402E-02   -0.3212123E-01
   -0.5623860E+00    0.1000000E+01   -0.4829982E+00   -0.4535127E+00   -0.3367745E+00   -0.8367275E+00   -0.2974944E-01    0.4715201E-01   -0.1969721E-01   -0.3744260E-01    0.4033757E-01    0.1391061E+00    0.5911672E-01    0.2601019E-01    0.3452208E-01    0.5332838E-02   -0.2324661E-02    0.9101077E-02   -0.5780629E-04   -0.2073271E-01    0.2228405E-01   -0.9699267E+00   -0.9899250E+00    0.9899250E+00    0.9957724E+00    0.0000000E+00    0.6616372E-01    0.7760633E-01    0.8036134E+00    0.5785551E+00    0.4454780E+00    0.4180293E+00   -0.4142621E+00   -0.3376936E+00    0.6902383E+00    0.5563041E+00   -0.2031568E+00    0.1491482E+00   -0.1756911E+00   -0.2725927E+00   -0.8367275E+00   -0.5622812E+00   -0.5622820E+00    0.5623732E+00    0.7481167E+00    0.8277536E+00   -0.9550124E+00   -0.4709792E+00   -0.9328534E+00   -0.3071761E+00   -0.8989231E+00    0.6949828E+00    0.2877095E+00    0.9957723E+00    0.9957723E+00   -0.9990418E+00   -0.9979538E+00   -0.9884992E+00   -0.8819105E+00    0.9541968E+00    0.9901699E+00    0.4421211E+00   -0.2227046E+00   -0.1173778E-02    0.1352347E+00    0.5481257E-02    0.1537918E-01
    0.4847119E+00   -0.4829982E+00    0.1000000E+01    0.2915190E+00    0.2522945E+00    0.5033682E+00    0.2941256E-01   -0.3455052E-01    0.9214660E-02    0.4079956E-01   -0.3642897E-01   -0.1070893E+00   -0.3689318E-01   -0.1291918E-01   -0.2999044E-01    0.4181017E-02    0.4290087E-02   -0.7810297E-02   -0.4898025E-02    0.1910845E-01   -0.2818220E-01    0.6340583E+00    0.5818258E+00   -0.5818258E+00   -0.4572858E+00    0.0000000E+00    0.5525255E+00    0.7930058E-01   -0.3960344E+00   -0.2362976E+00   -0.1722214E+00   -0.1703688E+00    0.2662889E+00    0.2527999E+00   -0.2673680E+00   -0.2483838E+00    0.1904510E+00    0.6584121E-01    0.2935895E+00    0.3760305E+00    0.5033682E+00    0.4847032E+00    0.4847023E+00   -0.4848533E+00   -0.7697255E+00   -0.5444925E+00    0.3849498E+00    0.9990279E+00    0.2640627E+00    0.3934853E+00    0.3213692E+00   -0.1503893E+00   -0.1843322E+00   -0.4572857E+00   -0.4572856E+00    0.5052866E+00    0.4993620E+00    0.6050822E+00    0.7235471E+00   -0.6594327E+00   -0.5820719E+00   -0.1465515E+00    0.2517383E+00    0.2368622E-01   -0.2483928E-01   -0.5077669E-02    0.2062090E-01
    0.4323388E+00   -0.4535127E+00    0.2915190E+00    0.1000000E+01    0.9816489E+00    0.5221259E+00   -0.2890376E-01   -0.1290093E+00    0.5991414E-01    0.9230074E-01   -0.1218403E+00   -0.1944527E+00   -0.2077476E-01    0.3706110E-01   -0.1202843E+00   -0.1724253E-01   -0.1874008E-01   -0.2932915E-01   -0.1029658E-02    0.5587198E-03   -0.6840765E-01    0.4862043E+00    0.4726253E+00   -0.4726253E+00   -0.4319010E+00    0.0000000E+00    0.1721252E+00    0.8405496E+00    0.1518399E+00    0.4524227E+00    0.5811538E+00    0.5948913E+00    0.9959842E+00    0.9815241E+00   -0.3454221E+00    0.4422470E-01    0.4413671E-01   -0.1509580E+00    0.5992745E-01    0.3441014E+00    0.5221259E+00    0.4323123E+00    0.4323119E+00   -0.4322853E+00   -0.4720142E+00   -0.4956338E+00    0.3697642E+00    0.2783599E+00    0.3478943E+00    0.3432942E+00    0.3139618E+00   -0.1612977E+00   -0.3246463E+00   -0.4319007E+00   -0.4319008E+00    0.4498919E+00    0.4431448E+00    0.4674673E+00    0.4935322E+00   -0.4904383E+00   -0.4731697E+00    0.5865275E+00    0.9559789E+00   -0.9009103E-01    0.6108966E+00   -0.1364417E-01   -0.1522745E-01
    0.3903215E+00   -0.3367745E+00    0.2522945E+00    0.9816489E+00    0.1000000E+01    0.4253581E+00    0.1020027E+00   -0.1308341E+00    0.6644513E-01    0.9185890E-01   -0.1172281E+00   -0.1794402E+00   -0.4754253E-02    0.5796868E-01   -0.1320178E+00   -0.2110769E-01   -0.2673070E-01   -0.3304297E-01    0.3302719E-02    0.6169341E-02   -0.7242388E-01    0.3803207E+00    0.3611483E+00   -0.3611483E+00   -0.3130308E+00    0.0000000E+00    0.2106364E+00    0.9089683E+00    0.2787982E+00    0.5671639E+00    0.6846182E+00    0.7000658E+00    0.9823877E+00    0.9996608E+00   -0.1601267E+00    0.1963066E+00    0.1406098E+00    0.4457364E-02    0.1610974E+00    0.4229700E+00    0.4253581E+00    0.3903429E+00    0.3903426E+00   -0.3903086E+00   -0.4050847E+00   -0.4150691E+00    0.2498085E+00    0.2396636E+00    0.2278914E+00    0.3346455E+00    0.1965029E+00   -0.5959685E-01   -0.3149498E+00   -0.3130306E+00   -0.3130306E+00    0.3330769E+00    0.3256516E+00    0.3557075E+00    0.4049664E+00   -0.3881514E+00   -0.3616641E+00    0.6905997E+00    0.9886494E+00   -0.8825221E-01    0.6640365E+00   -0.1123847E-01   -0.6886688E-02
    0.5870058E+00   -0.8367275E+00    0.5033682E+00    0.5221259E+00    0.4253581E+00    0.1000000E+01    0.3333282E-01   -0.1626967E+00    0.8817897E-01    0.1335944E+00   -0.1914126E+00   -0.2440525E+00    0.5978803E-02    0.6984122E-01   -0.2007444E+00    0.2479029E-01   -0.1461768E-01   -0.3009900E-01    0.8444992E-02   -0.2132089E-01   -0.7288854E-01    0.8504186E+00    0.8493513E+00   -0.8493513E+00   -0.8202549E+00    0.0000000E+00    0.1031961E+00    0.1203283E+00   -0.5757702E+00   -0.3415022E+00   -0.2182334E+00   -0.2979357E+00    0.4865699E+00    0.4266018E+00   -0.6094232E+00   -0.7190079E+00   -0.4929989E-01   -0.7324111E-01    0.3668836E+00    0.5234421E+00    0.1000000E+01    0.5866529E+00    0.5866549E+00   -0.5867472E+00   -0.7320913E+00   -0.7714160E+00    0.7574791E+00    0.4893243E+00    0.7238777E+00    0.3909100E+00    0.6906220E+00   -0.4805757E+00   -0.3536517E+00   -0.8202549E+00   -0.8202548E+00    0.8359262E+00    0.8310569E+00    0.8477653E+00    0.8136872E+00   -0.8460992E+00   -0.8499109E+00   -0.2099293E+00    0.3722304E+00   -0.1495578E-01   -0.1891927E+00   -0.4002775E-02   -0.3809466E-01
    0.2872515E-01   -0.2974944E-01    0.2941256E-01   -0.2890376E-01    0.1020027E+00    0.3333282E-01    0.1000000E+01    0.4550006E-01    0.8358745E-02   -0.1482915E-02    0.5752729E-01    0.3004130E-01    0.1779785E-01    0.4602002E-01   -0.2903189E-02    0.3234548E-02    0.6008155E-02   -0.4361576E-02    0.3541957E-01   -0.9687922E-02   -0.1171680E-01    0.3351187E-01    0.3245464E-01   -0.3245464E-01   -0.2829132E-01    0.0000000E+00    0.1697882E-01    0.9495804E-01    0.3336088E-01    0.6217532E-01    0.7388472E-01    0.7701964E-01   -0.3115960E-01    0.1017994E+00    0.6514837E+00    0.3701267E+00    0.7019048E+00    0.9080587E+00    0.8021530E+00    0.6466512E+00    0.3333282E-01    0.2885782E-01    0.2886019E-01   -0.2895643E-01   -0.3487298E-01   -0.3292294E-01    0.2407675E-01    0.2873058E-01    0.2118936E-01    0.2302953E-01    0.2033364E-01   -0.1008203E-01   -0.1922986E-01   -0.2829129E-01   -0.2829116E-01    0.2976949E-01    0.2935898E-01    0.3207538E-01    0.3497977E-01   -0.3420613E-01   -0.3234006E-01    0.7438595E-01    0.1015677E+00   -0.5892129E-02   -0.5283101E-01    0.8313889E-01   -0.1235075E-01
   -0.1377611E+00    0.4715201E-01   -0.3455052E-01   -0.1290093E+00   -0.1308341E+00   -0.1626967E+00    0.4550006E-01    0.1000000E+01   -0.2682714E+00   -0.1393036E+00    0.2367831E+00    0.2212429E-01   -0.3226286E+00   -0.8329854E+00    0.3986546E-01    0.5013413E-02    0.1499924E-01   -0.6131357E-01   -0.3646165E+00   -0.5546864E-01    0.4643764E+00   -0.6913822E-01   -0.5823476E-01    0.5823476E-01    0.3459487E-01    0.0000000E+00   -0.1071285E+00   -0.1258261E+00   -0.3233520E-01   -0.7426230E-01   -0.8840169E-01   -0.5631214E-01   -0.1255216E+00   -0.1307973E+00    0.2392837E-01    0.8271517E-01    0.2628790E-01   -0.3889361E-01   -0.1298485E+00   -0.1836966E+00   -0.1626967E+00   -0.1377930E+00   -0.1377926E+00    0.1378034E+00    0.1060259E+00    0.1145295E+00   -0.5165152E-02   -0.2843707E-01   -0.1462049E-02   -0.1425764E+00    0.1653705E-01   -0.6398729E-01    0.1449892E+00    0.3459488E-01    0.3459496E-01   -0.4349165E-01   -0.3943609E-01   -0.5309285E-01   -0.9051096E-01    0.7469638E-01    0.5829378E-01   -0.9251834E-01   -0.1393061E+00   -0.1326242E-01   -0.2375357E-01    0.8040027E-01   -0.1615568E-01
    0.5534030E-01   -0.1969721E-01    0.9214660E-02    0.5991414E-01    0.6644513E-01    0.8817897E-01    0.8358745E-02   -0.2682714E+00    0.1000000E+01   -0.1309880E+00   -0.6140016E-01    0.4401004E+00    0.6561412E+00    0.2443878E+00    0.9034842E-01   -0.9187519E-02    0.1050348E-01    0.8062952E-01    0.5196622E-01    0.2887070E-01   -0.5008777E-01    0.2771153E-01    0.2332468E-01   -0.2332468E-01   -0.1469673E-01    0.0000000E+00    0.3983353E-01    0.6750893E-01    0.2324857E-01    0.4382072E-01    0.5106956E-01    0.2988250E-01    0.5811728E-01    0.6660958E-01    0.1681953E-01   -0.3662467E-01   -0.5223384E-03    0.5855924E-01    0.1007737E+00    0.1195036E+00    0.8817897E-01    0.5565305E-01    0.5565065E-01   -0.5540413E-01   -0.4114801E-01   -0.4641304E-01    0.3033900E-02    0.6623636E-02    0.2245135E-02    0.5696256E-01   -0.5655922E-02    0.2477178E-01   -0.5937644E-01   -0.1469679E-01   -0.1469674E-01    0.1820563E-01    0.1656936E-01    0.2146854E-01    0.3576828E-01   -0.2971556E-01   -0.2348071E-01    0.5241462E-01    0.7245480E-01   -0.1234307E-01    0.6904189E-02   -0.6589698E-01   -0.1148354E-01
    0.1338133E+00   -0.3744260E-01    0.4079956E-01    0.9230074E-01    0.9185890E-01    0.1335944E+00   -0.1482915E-02   -0.1393036E+00   -0.1309880E+00    0.1000000E+01   -0.5442731E+00   -0.2690017E+00    0.3922607E+00    0.3125704E+00   -0.5623218E+00   -0.4578541E-01    0.2198557E-01    0.2907439E+00    0.1529454E+00    0.1063253E+00   -0.1252034E+00    0.6170750E-01    0.5019584E-01   -0.5019584E-01   -0.2475844E-01    0.0000000E+00    0.1149010E+00    0.8682702E-01    0.1471015E-01    0.4610506E-01    0.5553790E-01    0.3005788E-01    0.8805463E-01    0.9195357E-01   -0.2575687E-01   -0.7670601E-01   -0.1978868E-01    0.2575503E-01    0.1070707E+00    0.1529450E+00    0.1335944E+00    0.1337381E+00    0.1337378E+00   -0.1338921E+00   -0.1036395E+00   -0.1075423E+00   -0.4711212E-02    0.3507444E-01   -0.9770828E-02    0.1412647E+00   -0.2612258E-01    0.7209251E-01   -0.1409842E+00   -0.2475844E-01   -0.2475846E-01    0.3404369E-01    0.2998305E-01    0.4510181E-01    0.8531374E-01   -0.6787501E-01   -0.5012748E-01    0.6020089E-01    0.9908862E-01   -0.8374333E-01    0.9586844E-03    0.1180857E+00   -0.8353598E-01
   -0.1434476E+00    0.4033757E-01   -0.3642897E-01   -0.1218403E+00   -0.1172281E+00   -0.1914126E+00    0.5752729E-01    0.2367831E+00   -0.6140016E-01   -0.5442731E+00    0.1000000E+01    0.3249692E+00   -0.2113150E+00   -0.2274564E+00    0.2097838E+00   -0.7319240E-01    0.5773556E-01   -0.9333096E-01   -0.7478590E-01    0.2916622E+00    0.1002377E+00   -0.6522278E-01   -0.5290912E-01    0.5290912E-01    0.2675172E-01    0.0000000E+00   -0.1190964E+00   -0.1186738E+00   -0.3196267E-01   -0.7103109E-01   -0.8335585E-01   -0.3747545E-01   -0.1175794E+00   -0.1173808E+00    0.5370494E-01    0.1390189E+00    0.8704335E-01   -0.6701803E-02   -0.1210069E+00   -0.1840880E+00   -0.1914126E+00   -0.1434932E+00   -0.1434949E+00    0.1435007E+00    0.1085284E+00    0.1153607E+00    0.4752291E-02   -0.3006372E-01    0.9127022E-02   -0.1513438E+00    0.2769699E-01   -0.7698518E-01    0.1530933E+00    0.2675180E-01    0.2675188E-01   -0.3655215E-01   -0.3217151E-01   -0.4758039E-01   -0.8987173E-01    0.7153337E-01    0.5298348E-01   -0.8795056E-01   -0.1308151E+00    0.5761585E-01    0.8046120E-02   -0.2784934E+00    0.5853837E-01
   -0.3050415E+00    0.1391061E+00   -0.1070893E+00   -0.1944527E+00   -0.1794402E+00   -0.2440525E+00    0.3004130E-01    0.2212429E-01    0.4401004E+00   -0.2690017E+00    0.3249692E+00    0.1000000E+01    0.5729008E+00    0.2135228E+00   -0.2035864E+00   -0.1256482E-01   -0.7675856E-01    0.1139331E+00    0.6371049E-01    0.1939448E-01    0.2471206E-01   -0.1852663E+00   -0.1628997E+00    0.1628997E+00    0.1133223E+00    0.0000000E+00   -0.2234980E+00   -0.1306079E+00    0.4476571E-01   -0.2380910E-01   -0.4799786E-01   -0.2921847E-01   -0.1829999E+00   -0.1797311E+00    0.1234438E+00    0.1315443E+00   -0.8213623E-02    0.2037641E-01   -0.1318086E+00   -0.2278313E+00   -0.2440525E+00   -0.3047316E+00   -0.3047321E+00    0.3048555E+00    0.2541749E+00    0.2688855E+00   -0.5155791E-01   -0.9449436E-01   -0.4080466E-01   -0.3037529E+00   -0.4922540E-02   -0.1004027E+00    0.3031302E+00    0.1133223E+00    0.1133223E+00   -0.1322658E+00   -0.1239851E+00   -0.1532502E+00   -0.2269377E+00    0.1963084E+00    0.1630756E+00   -0.5740516E-01   -0.1754581E+00    0.6524119E-02   -0.2924309E-01   -0.2144598E+00    0.2938857E-02
   -0.7181897E-01    0.5911672E-01   -0.3689318E-01   -0.2077476E-01   -0.4754253E-02    0.5978803E-02    0.1779785E-01   -0.3226286E+00    0.6561412E+00    0.3922607E+00   -0.2113150E+00    0.5729008E+00    0.1000000E+01    0.6171441E+00   -0.4848050E+00   -0.3213431E-01   -0.2392664E-01    0.1114565E+00    0.7469853E-01    0.9032761E-01   -0.1722080E+00   -0.6613925E-01   -0.6296058E-01    0.6296058E-01    0.5458200E-01    0.0000000E+00   -0.3645839E-01    0.3032570E-01    0.6654823E-01    0.5784818E-01    0.5321088E-01    0.2585371E-01   -0.1721721E-01   -0.4762411E-02    0.8410965E-01   -0.3253989E-02   -0.3117663E-01    0.8460004E-01    0.7632237E-01    0.5870700E-01    0.5978803E-02   -0.7151703E-01   -0.7151842E-01    0.7158357E-01    0.7028675E-01    0.7493632E-01   -0.4260131E-01   -0.3433560E-01   -0.3977098E-01   -0.6255334E-01   -0.3269199E-01    0.7655242E-02    0.6109346E-01    0.5458194E-01    0.5458195E-01   -0.5794357E-01   -0.5649764E-01   -0.6132539E-01   -0.7027510E-01    0.6747803E-01    0.6299350E-01    0.5121983E-01    0.1043739E-01   -0.2383867E-01   -0.1878656E-01   -0.1041805E+00   -0.2611181E-01
   -0.1033590E-02    0.2601019E-01   -0.1291918E-01    0.3706110E-01    0.5796868E-01    0.6984122E-01    0.4602002E-01   -0.8329854E+00    0.2443878E+00    0.3125704E+00   -0.2274564E+00    0.2135228E+00    0.6171441E+00    0.1000000E+01   -0.3854093E+00   -0.1827702E-01   -0.2496361E-01   -0.1745325E-01    0.1767303E+00    0.8402102E-01   -0.4802741E+00   -0.2269261E-01   -0.2446011E-01    0.2446011E-01    0.2741041E-01    0.0000000E+00    0.1434251E-01    0.8319051E-01    0.6947735E-01    0.8181363E-01    0.8481002E-01    0.5140447E-01    0.3880977E-01    0.5780206E-01    0.9339484E-01   -0.1143185E-01    0.5422098E-02    0.1322718E+00    0.1547791E+00    0.1542042E+00    0.6984122E-01   -0.9345905E-03   -0.9339792E-03    0.8656793E-03    0.1149490E-01    0.1221398E-01   -0.2972556E-01   -0.1331488E-01   -0.2922124E-01    0.7689179E-02   -0.3060520E-01    0.2999606E-01   -0.9285410E-02    0.2741040E-01    0.2741034E-01   -0.2653942E-01   -0.2700061E-01   -0.2524984E-01   -0.1754890E-01    0.2153736E-01    0.2449848E-01    0.8488554E-01    0.7315198E-01   -0.1981190E-01   -0.5186801E-02   -0.1312421E+00   -0.2042466E-01
   -0.1424707E+00    0.3452208E-01   -0.2999044E-01   -0.1202843E+00   -0.1320178E+00   -0.2007444E+00   -0.2903189E-02    0.3986546E-01    0.9034842E-01   -0.5623218E+00    0.2097838E+00   -0.2035864E+00   -0.4848050E+00   -0.3854093E+00    0.1000000E+01    0.1746686E-01   -0.1961425E-01   -0.1872408E+00   -0.9217556E-01   -0.5943560E-01    0.5027599E-01   -0.5932435E-01   -0.4717229E-01    0.4717229E-01    0.2070617E-01    0.0000000E+00   -0.1199447E+00   -0.1382564E+00   -0.4836828E-01   -0.9035361E-01   -0.1034857E+00   -0.5267373E-01   -0.1167732E+00   -0.1318804E+00   -0.2700720E-01    0.1039844E+00    0.1921895E-01   -0.1157155E+00   -0.2213573E+00   -0.2680046E+00   -0.2007444E+00   -0.1425187E+00   -0.1425195E+00    0.1426810E+00    0.1041173E+00    0.1122057E+00    0.1119322E-01   -0.2348292E-01    0.1494311E-01   -0.1521493E+00    0.3421123E-01   -0.8311741E-01    0.1553762E+00    0.2070614E-01    0.2070620E-01   -0.3036828E-01   -0.2590706E-01   -0.4118431E-01   -0.8438481E-01    0.6581192E-01    0.4712639E-01   -0.1080694E+00   -0.1479849E+00    0.4322577E-01    0.1140550E-01    0.1696651E+00    0.4457500E-01
   -0.6270754E-02    0.5332838E-02    0.4181017E-02   -0.1724253E-01   -0.2110769E-01    0.2479029E-01    0.3234548E-02    0.5013413E-02   -0.9187519E-02   -0.4578541E-01   -0.7319240E-01   -0.1256482E-01   -0.3213431E-01   -0.1827702E-01    0.1746686E-01    0.1000000E+01    0.1208353E+00    0.1587486E-01    0.1198850E-01    0.1997770E+00    0.2330731E-02   -0.4906595E-02   -0.4521175E-02    0.4521175E-02    0.4946740E-02    0.0000000E+00    0.9258142E-03   -0.1514211E-01   -0.5593600E-02   -0.1004149E-01   -0.1200962E-01   -0.2548831E-01   -0.1672991E-01   -0.2123592E-01   -0.1462496E-01   -0.5037437E-01   -0.4608945E-01   -0.1142792E-01    0.4894953E-02    0.5606095E-02    0.2479029E-01   -0.6251111E-02   -0.6250213E-02    0.6259335E-02    0.3672829E-02    0.6600637E-02   -0.4043142E-02    0.4495878E-02   -0.4845494E-02   -0.5231653E-02   -0.3195457E-02    0.1000970E-02    0.7220021E-02    0.4946840E-02    0.4946933E-02   -0.5212725E-02   -0.5048956E-02   -0.4688201E-02   -0.4723569E-02    0.4723992E-02    0.4717362E-02   -0.1177029E-01   -0.1614814E-01    0.8080009E-02   -0.4436605E-01    0.1148943E-01    0.2640631E-02
    0.1572011E-02   -0.2324661E-02    0.4290087E-02   -0.1874008E-01   -0.2673070E-01   -0.1461768E-01    0.6008155E-02    0.1499924E-01    0.1050348E-01    0.2198557E-01    0.5773556E-01   -0.7675856E-01   -0.2392664E-01   -0.2496361E-01   -0.1961425E-01    0.1208353E+00    0.1000000E+01    0.3399427E+00    0.1245289E+00   -0.1934902E+00   -0.7978695E-01    0.2799631E-02    0.2664019E-02   -0.2664019E-02   -0.2285527E-02    0.0000000E+00    0.1695469E-02   -0.3122804E-01   -0.2116555E-01   -0.2736368E-01   -0.2966577E-01   -0.2417747E-01   -0.1893537E-01   -0.2693720E-01   -0.3452562E-01   -0.1503429E-01   -0.2054957E-01   -0.4801354E-01   -0.4801989E-01   -0.4621247E-01   -0.1461768E-01    0.1489650E-02    0.1486902E-02   -0.1459861E-02   -0.3018313E-02   -0.2007859E-02    0.2092791E-02    0.4299341E-02    0.1590736E-02    0.9603266E-03    0.1929071E-02   -0.1426833E-02    0.1221555E-04   -0.2285451E-02   -0.2285376E-02    0.2392747E-02    0.2388629E-02    0.2764727E-02    0.2993094E-02   -0.2845791E-02   -0.2655381E-02   -0.2942709E-01   -0.2940238E-01   -0.4495764E-03   -0.2099944E-01    0.5681436E-01   -0.3020150E-02
   -0.1628425E-01    0.9101077E-02   -0.7810297E-02   -0.2932915E-01   -0.3304297E-01   -0.3009900E-01   -0.4361576E-02   -0.6131357E-01    0.8062952E-01    0.2907439E+00   -0.9333096E-01    0.1139331E+00    0.1114565E+00   -0.1745325E-01   -0.1872408E+00    0.1587486E-01    0.3399427E+00    0.1000000E+01    0.8392530E+00   -0.8634318E-02    0.4260082E+00   -0.1159155E-01   -0.1025139E-01    0.1025139E-01    0.7822253E-02    0.0000000E+00   -0.1142419E-01   -0.3290669E-01   -0.1226384E-01   -0.2198986E-01   -0.2569290E-01   -0.1946690E-01   -0.2942465E-01   -0.3298345E-01   -0.1080930E-01    0.3916603E-02   -0.7161120E-02   -0.2691648E-01   -0.3850986E-01   -0.4479184E-01   -0.3009900E-01   -0.1629150E-01   -0.1629323E-01    0.1631845E-01    0.1475418E-01    0.1509600E-01   -0.4720072E-02   -0.7140093E-02   -0.3939417E-02   -0.1561062E-01   -0.2297376E-02   -0.3365781E-02    0.1521960E-01    0.7822222E-02    0.7822039E-02   -0.8893664E-02   -0.8482770E-02   -0.1009336E-01   -0.1372288E-01    0.1208955E-01    0.1033932E-01   -0.2599561E-01   -0.3495498E-01   -0.4169996E-01   -0.9853702E-02    0.2948476E-01   -0.4286131E-01
    0.1218080E-01   -0.5780629E-04   -0.4898025E-02   -0.1029658E-02    0.3302719E-02    0.8444992E-02    0.3541957E-01   -0.3646165E+00    0.5196622E-01    0.1529454E+00   -0.7478590E-01    0.6371049E-01    0.7469853E-01    0.1767303E+00   -0.9217556E-01    0.1198850E-01    0.1245289E+00    0.8392530E+00    0.1000000E+01    0.2391766E-03    0.4310341E+00    0.1572452E-02    0.7648511E-03   -0.7648511E-03    0.1292030E-02    0.0000000E+00    0.9020104E-02    0.3662555E-02    0.1680134E-02    0.2677989E-02    0.2703043E-02    0.5920579E-03   -0.1730077E-02    0.3366716E-02    0.2153952E-01    0.5111276E-02    0.2141238E-01    0.3245333E-01    0.3529043E-01    0.3271215E-01    0.8444992E-02    0.1220092E-01    0.1220036E-01   -0.1229344E-01   -0.5489051E-02   -0.8378362E-02   -0.4300140E-02   -0.5614588E-02   -0.3713544E-02    0.1410677E-01   -0.6396821E-02    0.1059655E-01   -0.1622283E-01    0.1291944E-02    0.1291746E-02   -0.6138208E-03   -0.1063916E-02   -0.2551243E-03    0.3574122E-02   -0.2138570E-02   -0.7145569E-03    0.3107511E-02    0.3748958E-02   -0.8575884E-01   -0.5995386E-02    0.2438568E-01   -0.8640043E-01
    0.1015433E-01   -0.2073271E-01    0.1910845E-01    0.5587198E-03    0.6169341E-02   -0.2132089E-01   -0.9687922E-02   -0.5546864E-01    0.2887070E-01    0.1063253E+00    0.2916622E+00    0.1939448E-01    0.9032761E-01    0.8402102E-01   -0.5943560E-01    0.1997770E+00   -0.1934902E+00   -0.8634318E-02    0.2391766E-03    0.1000000E+01   -0.1648727E-01    0.2118555E-01    0.2159478E-01   -0.2159478E-01   -0.2081244E-01    0.0000000E+00    0.1934128E-02   -0.7019236E-02   -0.2066065E-01   -0.1692915E-01   -0.1463890E-01    0.1385022E-02   -0.1578270E-03    0.6205589E-02    0.2743318E-01    0.5248426E-01    0.7833293E-01    0.4060483E-01    0.2068760E-01    0.8963279E-02   -0.2132089E-01    0.1029457E-01    0.1029402E-01   -0.1015796E-01   -0.1784978E-01   -0.1617285E-01    0.2027717E-01    0.1910915E-01    0.1854925E-01    0.4718897E-02    0.1936545E-01   -0.1565002E-01   -0.1681356E-02   -0.2081233E-01   -0.2081235E-01    0.2098685E-01    0.2105635E-01    0.2165891E-01    0.1985510E-01   -0.2109793E-01   -0.2147752E-01   -0.1430571E-01   -0.3801177E-03    0.1184579E+00    0.3106842E-01   -0.4325988E+00    0.1221310E+00
   -0.6519968E-01    0.2228405E-01   -0.2818220E-01   -0.6840765E-01   -0.7242388E-01   -0.7288854E-01   -0.1171680E-01    0.4643764E+00   -0.5008777E-01   -0.1252034E+00    0.1002377E+00    0.2471206E-01   -0.1722080E+00   -0.4802741E+00    0.5027599E-01    0.2330731E-02   -0.7978695E-01    0.4260082E+00    0.4310341E+00   -0.1648727E-01    0.1000000E+01   -0.3455706E-01   -0.2892554E-01    0.2892554E-01    0.1633923E-01    0.0000000E+00   -0.5675532E-01   -0.7038571E-01   -0.2095934E-01   -0.4351112E-01   -0.5103726E-01   -0.3802184E-01   -0.6760655E-01   -0.7216634E-01   -0.2280781E-02    0.2248630E-01   -0.5105469E-02   -0.3463581E-01   -0.7260159E-01   -0.9650865E-01   -0.7288854E-01   -0.6516008E-01   -0.6516082E-01    0.6518770E-01    0.5445220E-01    0.5414309E-01   -0.2358347E-02   -0.2554400E-01    0.1068870E-02   -0.6750861E-01    0.7912411E-02   -0.3034711E-01    0.6534476E-01    0.1633913E-01    0.1633904E-01   -0.2092880E-01   -0.1904861E-01   -0.2682807E-01   -0.4590463E-01    0.3754252E-01    0.2889376E-01   -0.5323302E-01   -0.7677790E-01   -0.2135991E-01   -0.1400375E-01    0.1149882E+00   -0.2305148E-01
    0.7120798E+00   -0.9699267E+00    0.6340583E+00    0.4862043E+00    0.3803207E+00    0.8504186E+00    0.3351187E-01   -0.6913822E-01    0.2771153E-01    0.6170750E-01   -0.6522278E-01   -0.1852663E+00   -0.6613925E-01   -0.2269261E-01   -0.5932435E-01   -0.4906595E-02    0.2799631E-02   -0.1159155E-01    0.1572452E-02    0.2118555E-01   -0.3455706E-01    0.1000000E+01    0.9933439E+00   -0.9933439E+00   -0.9473183E+00    0.0000000E+00    0.1749011E+00   -0.2048487E-01   -0.7714914E+00   -0.5330504E+00   -0.4047109E+00   -0.3737591E+00    0.4427686E+00    0.3812128E+00   -0.6451182E+00   -0.5154315E+00    0.2725796E+00   -0.9510095E-01    0.2652879E+00    0.3933866E+00    0.8504186E+00    0.7118836E+00    0.7118841E+00   -0.7119621E+00   -0.8859974E+00   -0.9158386E+00    0.8667008E+00    0.6171876E+00    0.8203321E+00    0.4895830E+00    0.7837775E+00   -0.5294017E+00   -0.4344968E+00   -0.9473183E+00   -0.9473182E+00    0.9697302E+00    0.9631095E+00    0.9916885E+00    0.9696997E+00   -0.9982344E+00   -0.9938523E+00   -0.3918802E+00    0.2791169E+00   -0.1948456E-02   -0.9623145E-01   -0.6650933E-02   -0.1372435E-01
    0.6432591E+00   -0.9899250E+00    0.5818258E+00    0.4726253E+00    0.3611483E+00    0.8493513E+00    0.3245464E-01   -0.5823476E-01    0.2332468E-01    0.5019584E-01   -0.5290912E-01   -0.1628997E+00   -0.6296058E-01   -0.2446011E-01   -0.4717229E-01   -0.4521175E-02    0.2664019E-02   -0.1025139E-01    0.7648511E-03    0.2159478E-01   -0.2892554E-01    0.9933439E+00    0.1000000E+01   -0.1000000E+01   -0.9761265E+00    0.0000000E+00    0.6825116E-01   -0.4709307E-01   -0.7923785E+00   -0.5581378E+00   -0.4267599E+00   -0.3980601E+00    0.4316594E+00    0.3619421E+00   -0.6692749E+00   -0.5388803E+00    0.2408629E+00   -0.1189580E+00    0.2263419E+00    0.3394496E+00    0.8493513E+00    0.6433141E+00    0.6433148E+00   -0.6434824E+00   -0.8299676E+00   -0.8783116E+00    0.9141684E+00    0.5675907E+00    0.8768124E+00    0.4037205E+00    0.8438136E+00   -0.6123945E+00   -0.3612589E+00   -0.9761265E+00   -0.9761265E+00    0.9894428E+00    0.9855739E+00    0.9976275E+00    0.9359853E+00   -0.9855368E+00   -0.9998877E+00   -0.4176689E+00    0.2550327E+00   -0.1622325E-02   -0.1201991E+00   -0.6214500E-02   -0.1633195E-01
   -0.6432591E+00    0.9899250E+00   -0.5818258E+00   -0.4726253E+00   -0.3611483E+00   -0.8493513E+00   -0.3245464E-01    0.5823476E-01   -0.2332468E-01   -0.5019584E-01    0.5290912E-01    0.1628997E+00    0.6296058E-01    0.2446011E-01    0.4717229E-01    0.4521175E-02   -0.2664019E-02    0.1025139E-01   -0.7648511E-03   -0.2159478E-01    0.2892554E-01   -0.9933439E+00   -0.1000000E+01    0.1000000E+01    0.9761265E+00    0.0000000E+00   -0.6825116E-01    0.4709307E-01    0.7923785E+00    0.5581378E+00    0.4267599E+00    0.3980601E+00   -0.4316594E+00   -0.3619421E+00    0.6692749E+00    0.5388803E+00   -0.2408629E+00    0.1189580E+00   -0.2263419E+00   -0.3394496E+00   -0.8493513E+00   -0.6433141E+00   -0.6433148E+00    0.6434824E+00    0.8299676E+00    0.8783116E+00   -0.9141684E+00   -0.5675907E+00   -0.8768124E+00   -0.4037205E+00   -0.8438136E+00    0.6123945E+00    0.3612589E+00    0.9761265E+00    0.9761265E+00   -0.9894428E+00   -0.9855739E+00   -0.9976275E+00   -0.9359853E+00    0.9855368E+00    0.9998877E+00    0.4176689E+00   -0.2550327E+00    0.1622325E-02    0.1201991E+00    0.6214500E-02    0.1633195E-01
   -0.4840555E+00    0.9957724E+00   -0.4572858E+00   -0.4319010E+00   -0.3130308E+00   -0.8202549E+00   -0.2829132E-01    0.3459487E-01   -0.1469673E-01   -0.2475844E-01    0.2675172E-01    0.1133223E+00    0.5458200E-01    0.2741041E-01    0.2070617E-01    0.4946740E-02   -0.2285527E-02    0.7822253E-02    0.1292030E-02   -0.2081244E-01    0.1633923E-01   -0.9473183E+00   -0.9761265E+00    0.9761265E+00    0.1000000E+01    0.0000000E+00    0.1490090E+00    0.9784539E-01    0.8054303E+00    0.5881954E+00    0.4552778E+00    0.4314470E+00   -0.3951693E+00   -0.3139769E+00    0.6952152E+00    0.5658295E+00   -0.1673421E+00    0.1642772E+00   -0.1397739E+00   -0.2200320E+00   -0.8202549E+00   -0.4839684E+00   -0.4839693E+00    0.4840609E+00    0.6909263E+00    0.7727283E+00   -0.9782027E+00   -0.4487753E+00   -0.9601602E+00   -0.2184907E+00   -0.9353550E+00    0.7580776E+00    0.2011702E+00    0.1000000E+01    0.1000000E+01   -0.9966780E+00   -0.9982821E+00   -0.9774873E+00   -0.8405130E+00    0.9269151E+00    0.9763451E+00    0.4552988E+00   -0.1989695E+00   -0.5653560E-02    0.1499616E+00    0.4892445E-02    0.1270667E-01
    0.0000000E+00    0.0000000E+00    0.0000000E+00    0.0000000E+00    0.0000000E+00    0.0000000E+00    0.0000000E+00    0.0000000E+00    0.0000000E+00    0.0000000E+00    0.0000000E+00    0.0000000E+00    0.0000000E+00    0.0000000E+00    0.0000000E+00    0.0000000E+00    0.0000000E+00    0.0000000E+00    0.0000000E+00    0.0000000E+00    0.0000000E+00    0.0000000E+00    0.0000000E+00    0.0000000E+00    0.0000000E+00    0.0000000E+00    0.0000000E+00    0.0000000E+00    0.0000000E+00    0.0000000E+00    0.0000000E+00    0.0000000E+00    0.0000000E+00    0.0000000E+00    0.0000000E+00    0.0000000E+00    0.0000000E+00    0.0000000E+00    0.0000000E+00    0.0000000E+00    0.0000000E+00    0.0000000E+00    0.0000000E+00    0.0000000E+00    0.0000000E+00    0.0000000E+00    0.0000000E+00    0.0000000E+00    0.0000000E+00    0.0000000E+00    0.0000000E+00    0.0000000E+00    0.0000000E+00    0.0000000E+00    0.0000000E+00    0.0000000E+00    0.0000000E+00    0.0000000E+00    0.0000000E+00    0.0000000E+00    0.0000000E+00    0.0000000E+00    0.0000000E+00    0.0000000E+00    0.0000000E+00    0.0000000E+00    0.0000000E+00
    0.7110754E+00    0.6616372E-01    0.5525255E+00    0.1721252E+00    0.2106364E+00    0.1031961E+00    0.1697882E-01   -0.1071285E+00    0.3983353E-01    0.1149010E+00   -0.1190964E+00   -0.2234980E+00   -0.3645839E-01    0.1434251E-01   -0.1199447E+00    0.9258142E-03    0.1695469E-02   -0.1142419E-01    0.9020104E-02    0.1934128E-02   -0.5675532E-01    0.1749011E+00    0.6825116E-01   -0.6825116E-01    0.1490090E+00    0.0000000E+00    0.1000000E+01    0.2372377E+00    0.9295743E-01    0.1618087E+00    0.1494969E+00    0.1714149E+00    0.1521047E+00    0.2102768E+00    0.1455840E+00    0.1470403E+00    0.3284561E+00    0.2124354E+00    0.3902878E+00    0.5386628E+00    0.1031961E+00    0.7110524E+00    0.7110512E+00   -0.7111262E+00   -0.6113570E+00   -0.4530360E+00   -0.3315737E+00    0.5265856E+00   -0.4193537E+00    0.8406308E+00   -0.4559904E+00    0.6968106E+00   -0.7245703E+00    0.1490091E+00    0.1490092E+00   -0.7078612E-01   -0.9608880E-01    0.5585634E-01    0.4082433E+00   -0.2326679E+00   -0.6819936E-01    0.1900135E+00    0.2499009E+00   -0.2732271E-01    0.1557484E+00   -0.5624429E-02   -0.8230778E-02
    0.1415016E+00    0.7760633E-01    0.7930058E-01    0.8405496E+00    0.9089683E+00    0.1203283E+00    0.9495804E-01   -0.1258261E+00    0.6750893E-01    0.8682702E-01   -0.1186738E+00   -0.1306079E+00    0.3032570E-01    0.8319051E-01   -0.1382564E+00   -0.1514211E-01   -0.3122804E-01   -0.3290669E-01    0.3662555E-02   -0.7019236E-02   -0.7038571E-01   -0.2048487E-01   -0.4709307E-01    0.4709307E-01    0.9784539E-01    0.0000000E+00    0.2372377E+00    0.1000000E+01    0.6464211E+00    0.8549809E+00    0.9224952E+00    0.9103066E+00    0.8589578E+00    0.9084938E+00    0.1222394E+00    0.4040229E+00    0.1170599E-01    0.7061271E-01    0.1074903E+00    0.3408007E+00    0.1203283E+00    0.1416596E+00    0.1416591E+00   -0.1416328E+00   -0.9538693E-01   -0.6145694E-01   -0.1404276E+00    0.7303788E-01   -0.1568581E+00    0.1892501E+00   -0.1677974E+00    0.2148966E+00   -0.1694167E+00    0.9784565E-01    0.9784558E-01   -0.7958674E-01   -0.8588167E-01   -0.5076850E-01    0.3980672E-01    0.6093609E-02    0.4694354E-01    0.9269888E+00    0.9537975E+00   -0.9252789E-01    0.7361156E+00   -0.9036433E-02   -0.2335816E-02
   -0.4050011E+00    0.8036134E+00   -0.3960344E+00    0.1518399E+00    0.2787982E+00   -0.5757702E+00    0.3336088E-01   -0.3233520E-01    0.2324857E-01    0.1471015E-01   -0.3196267E-01    0.4476571E-01    0.6654823E-01    0.6947735E-01   -0.4836828E-01   -0.5593600E-02   -0.2116555E-01   -0.1226384E-01    0.1680134E-02   -0.2066065E-01   -0.2095934E-01   -0.7714914E+00   -0.7923785E+00    0.7923785E+00    0.8054303E+00    0.0000000E+00    0.9295743E-01    0.6464211E+00    0.1000000E+01    0.9483926E+00    0.8892162E+00    0.8598480E+00    0.1951985E+00    0.2776971E+00    0.5860904E+00    0.6577916E+00   -0.1764464E+00    0.1342393E+00   -0.1071884E+00   -0.5122059E-01   -0.5757702E+00   -0.4048603E+00   -0.4048611E+00    0.4049674E+00    0.5759073E+00    0.6333454E+00   -0.7841802E+00   -0.3889829E+00   -0.7656776E+00   -0.1928199E+00   -0.7471530E+00    0.5991947E+00    0.1722994E+00    0.8054304E+00    0.8054303E+00   -0.8046485E+00   -0.8055207E+00   -0.7933501E+00   -0.6911282E+00    0.7566453E+00    0.7923669E+00    0.8851567E+00    0.3873392E+00   -0.5560545E-01    0.5365494E+00   -0.9283884E-03    0.1012245E-01
   -0.2165699E+00    0.5785551E+00   -0.2362976E+00    0.4524227E+00    0.5671639E+00   -0.3415022E+00    0.6217532E-01   -0.7426230E-01    0.4382072E-01    0.4610506E-01   -0.7103109E-01   -0.2380910E-01    0.5784818E-01    0.8181363E-01   -0.9035361E-01   -0.1004149E-01   -0.2736368E-01   -0.2198986E-01    0.2677989E-02   -0.1692915E-01   -0.4351112E-01   -0.5330504E+00   -0.5581378E+00    0.5581378E+00    0.5881954E+00    0.0000000E+00    0.1618087E+00    0.8549809E+00    0.9483926E+00    0.1000000E+01    0.9878294E+00    0.9627727E+00    0.4896299E+00    0.5662040E+00    0.4492515E+00    0.6150156E+00   -0.1150333E+00    0.1206587E+00   -0.2817922E-01    0.1067819E+00   -0.3415022E+00   -0.2163852E+00   -0.2163860E+00    0.2164602E+00    0.3519573E+00    0.4050251E+00   -0.5914675E+00   -0.2341042E+00   -0.5857136E+00   -0.5248058E-01   -0.5776634E+00    0.4966519E+00    0.4670821E-01    0.5881956E+00    0.5881955E+00   -0.5801590E+00   -0.5833608E+00   -0.5605244E+00   -0.4534769E+00    0.5169496E+00    0.5581292E+00    0.9869871E+00    0.6596501E+00   -0.7651029E-01    0.6701167E+00   -0.4395126E-02    0.5587194E-02
   -0.1453582E+00    0.4454780E+00   -0.1722214E+00    0.5811538E+00    0.6846182E+00   -0.2182334E+00    0.7388472E-01   -0.8840169E-01    0.5106956E-01    0.5553790E-01   -0.8335585E-01   -0.4799786E-01    0.5321088E-01    0.8481002E-01   -0.1034857E+00   -0.1200962E-01   -0.2966577E-01   -0.2569290E-01    0.2703043E-02   -0.1463890E-01   -0.5103726E-01   -0.4047109E+00   -0.4267599E+00    0.4267599E+00    0.4552778E+00    0.0000000E+00    0.1494969E+00    0.9224952E+00    0.8892162E+00    0.9878294E+00    0.1000000E+01    0.9769812E+00    0.6149324E+00    0.6837766E+00    0.3609040E+00    0.5683993E+00   -0.9448767E-01    0.1012511E+00   -0.4134548E-02    0.1598731E+00   -0.2182334E+00   -0.1451700E+00   -0.1451707E+00    0.1452352E+00    0.2546431E+00    0.2973252E+00   -0.4630789E+00   -0.1714429E+00   -0.4602132E+00   -0.1577043E-01   -0.4561196E+00    0.4010159E+00    0.1273879E-01    0.4552780E+00    0.4552780E+00   -0.4470873E+00   -0.4503027E+00   -0.4291638E+00   -0.3376636E+00    0.3909043E+00    0.4267201E+00    0.9990779E+00    0.7645370E+00   -0.8327560E-01    0.7095759E+00   -0.5749492E-02    0.3658457E-02
   -0.9839751E-01    0.4180293E+00   -0.1703688E+00    0.5948913E+00    0.7000658E+00   -0.2979357E+00    0.7701964E-01   -0.5631214E-01    0.2988250E-01    0.3005788E-01   -0.3747545E-01   -0.2921847E-01    0.2585371E-01    0.5140447E-01   -0.5267373E-01   -0.2548831E-01   -0.2417747E-01   -0.1946690E-01    0.5920579E-03    0.1385022E-02   -0.3802184E-01   -0.3737591E+00   -0.3980601E+00    0.3980601E+00    0.4314470E+00    0.0000000E+00    0.1714149E+00    0.9103066E+00    0.8598480E+00    0.9627727E+00    0.9769812E+00    0.1000000E+01    0.6269879E+00    0.6990423E+00    0.3658319E+00    0.6862839E+00    0.3544920E-01    0.9343133E-01   -0.5144319E-01    0.1106547E+00   -0.2979357E+00   -0.9819218E-01   -0.9819341E-01    0.9829240E-01    0.2193722E+00    0.2532187E+00   -0.4480967E+00   -0.1717984E+00   -0.4445080E+00    0.2892940E-01   -0.4480739E+00    0.4092867E+00   -0.3639655E-01    0.4314473E+00    0.4314472E+00   -0.4211436E+00   -0.4255757E+00   -0.4023295E+00   -0.3034010E+00    0.3590421E+00    0.3979156E+00    0.9771039E+00    0.7613964E+00   -0.8422015E-01    0.7877538E+00   -0.7073025E-02    0.1228285E-01
    0.3890831E+00   -0.4142621E+00    0.2662889E+00    0.9959842E+00    0.9823877E+00    0.4865699E+00   -0.3115960E-01   -0.1255216E+00    0.5811728E-01    0.8805463E-01   -0.1175794E+00   -0.1829999E+00   -0.1721721E-01    0.3880977E-01   -0.1167732E+00   -0.1672991E-01   -0.1893537E-01   -0.2942465E-01   -0.1730077E-02   -0.1578270E-03   -0.6760655E-01    0.4427686E+00    0.4316594E+00   -0.4316594E+00   -0.3951693E+00    0.0000000E+00    0.1521047E+00    0.8589578E+00    0.1951985E+00    0.4896299E+00    0.6149324E+00    0.6269879E+00    0.1000000E+01    0.9804759E+00   -0.3210523E+00    0.6591947E-01    0.2497523E-01   -0.1519455E+00    0.4029556E-01    0.3210451E+00    0.4865699E+00    0.3892830E+00    0.3892825E+00   -0.3893473E+00   -0.4274939E+00   -0.4489999E+00    0.3397416E+00    0.2545722E+00    0.3198169E+00    0.3069506E+00    0.2897493E+00   -0.1521151E+00   -0.2899900E+00   -0.3951691E+00   -0.3951692E+00    0.4108787E+00    0.4049548E+00    0.4263934E+00    0.4477655E+00   -0.4464839E+00   -0.4318954E+00    0.6193755E+00    0.9610676E+00   -0.9211383E-01    0.5941355E+00   -0.1378722E-01   -0.1929935E-01
    0.3905608E+00   -0.3376936E+00    0.2527999E+00    0.9815241E+00    0.9996608E+00    0.4266018E+00    0.1017994E+00   -0.1307973E+00    0.6660958E-01    0.9195357E-01   -0.1173808E+00   -0.1797311E+00   -0.4762411E-02    0.5780206E-01   -0.1318804E+00   -0.2123592E-01   -0.2693720E-01   -0.3298345E-01    0.3366716E-02    0.6205589E-02   -0.7216634E-01    0.3812128E+00    0.3619421E+00   -0.3619421E+00   -0.3139769E+00    0.0000000E+00    0.2102768E+00    0.9084938E+00    0.2776971E+00    0.5662040E+00    0.6837766E+00    0.6990423E+00    0.9804759E+00    0.1000000E+01   -0.1611459E+00    0.1969602E+00    0.1400702E+00    0.3961131E-02    0.1611289E+00    0.4230792E+00    0.4266018E+00    0.3905290E+00    0.3905288E+00   -0.3904769E+00   -0.4056619E+00   -0.4155910E+00    0.2508059E+00    0.2401736E+00    0.2288620E+00    0.3345918E+00    0.1975005E+00   -0.6053965E-01   -0.3147511E+00   -0.3139767E+00   -0.3139767E+00    0.3340623E+00    0.3266408E+00    0.3566857E+00    0.4058090E+00   -0.3889813E+00   -0.3625093E+00    0.6897145E+00    0.9885241E+00   -0.8786862E-01    0.6758505E+00   -0.1100926E-01   -0.5057632E-02
   -0.3171096E+00    0.6902383E+00   -0.2673680E+00   -0.3454221E+00   -0.1601267E+00   -0.6094232E+00    0.6514837E+00    0.2392837E-01    0.1681953E-01   -0.2575687E-01    0.5370494E-01    0.1234438E+00    0.8410965E-01    0.9339484E-01   -0.2700720E-01   -0.1462496E-01   -0.3452562E-01   -0.1080930E-01    0.2153952E-01    0.2743318E-01   -0.2280781E-02   -0.6451182E+00   -0.6692749E+00    0.6692749E+00    0.6952152E+00    0.0000000E+00    0.1455840E+00    0.1222394E+00    0.5860904E+00    0.4492515E+00    0.3609040E+00    0.3658319E+00   -0.3210523E+00   -0.1611459E+00    0.1000000E+01    0.7372062E+00    0.4634268E+00    0.8032717E+00    0.4825095E+00    0.3002726E+00   -0.6094232E+00   -0.3168762E+00   -0.3168759E+00    0.3169078E+00    0.4497794E+00    0.5229740E+00   -0.6846772E+00   -0.2614091E+00   -0.6793370E+00   -0.1301739E+00   -0.6581485E+00    0.5416369E+00    0.1306173E+00    0.6952153E+00    0.6952153E+00   -0.6896402E+00   -0.6912590E+00   -0.6692330E+00   -0.5616971E+00    0.6285112E+00    0.6695195E+00    0.3624952E+00   -0.8314372E-01    0.3292633E-01    0.1060431E+00    0.1625231E-01    0.4587037E-01
