# omegabh2 omegach2 theta logA ns alpha_JLA beta_JLA alpha_SZ ystar_SZ bias_SZ scatter_SZ
    0.1560257E-06   -0.1539088E-05   -0.2326435E-05    0.7934271E-05   -0.1722747E-05    0.4554008E-07   -0.7742789E-06   -0.1283749E-05   -0.6635259E-06    0.9414237E-05   -0.1875028E-06
   -0.1539088E-05    0.1784997E-02    0.2530510E-02   -0.1404207E-01    0.1771095E-03   -0.2293512E-04    0.6892492E-04    0.2023695E-02    0.3368177E-04   -0.2586885E-02    0.5410256E-05
   -0.2326435E-05    0.2530510E-02    0.3828241E-02   -0.2218470E-01    0.3397710E-03   -0.2467087E-04    0.2511291E-03    0.2821094E-02    0.5273817E-04   -0.1708105E-02   -0.1384279E-05
    0.7934271E-05   -0.1404207E-01   -0.2218470E-01    0.1764271E+00   -0.1238159E-01    0.1879697E-03   -0.1545534E-02   -0.3286829E-01    0.1533642E-03   -0.3813607E-01    0.7029879E-04
   -0.1722747E-05    0.1771095E-03    0.3397710E-03   -0.1238159E-01    0.1241360E-01   -0.3372189E-05   -0.2502252E-03    0.8589940E-02    0.1014827E-03    0.2802167E-02   -0.9730164E-05
    0.4554008E-07   -0.2293512E-04   -0.2467087E-04    0.1879697E-03   -0.3372189E-05    0.3892341E-04   -0.2299837E-04   -0.5088801E-04    0.4828123E-05    0.1687571E-04    0.1847431E-05
   -0.7742789E-06    0.6892492E-04    0.2511291E-03   -0.1545534E-02   -0.2502252E-03   -0.2299837E-04    0.6394538E-02   -0.1401119E-03    0.6947430E-04    0.8800560E-03   -0.1342637E-04
   -0.1283749E-05    0.2023695E-02    0.2821094E-02   -0.3286829E-01    0.8589940E-02   -0.5088801E-04   -0.1401119E-03    0.1391012E-01   -0.6844488E-04    0.7222448E-02   -0.1234157E-04
   -0.6635259E-06    0.3368177E-04    0.5273817E-04    0.1533642E-03    0.1014827E-03    0.4828123E-05    0.6947430E-04   -0.6844488E-04    0.4651834E-03   -0.9251822E-03    0.8796651E-05
    0.9414237E-05   -0.2586885E-02   -0.1708105E-02   -0.3813607E-01    0.2802167E-02    0.1687571E-04    0.8800560E-03    0.7222448E-02   -0.9251822E-03    0.7093270E-01   -0.1156530E-03
   -0.1875028E-06    0.5410256E-05   -0.1384279E-05    0.7029879E-04   -0.9730164E-05    0.1847431E-05   -0.1342637E-04   -0.1234157E-04    0.8796651E-05   -0.1156530E-03    0.1014845E-03
