    0.1000000E+01   -0.9222458E-01   -0.9519041E-01    0.4782184E-01   -0.3914485E-01    0.1847950E-01   -0.2451290E-01   -0.2755603E-01   -0.7788391E-01    0.8948779E-01   -0.4712049E-01   -0.7267936E-01   -0.3763103E-02    0.3763103E-02   -0.8294321E-01    0.0000000E+00   -0.8376252E-01   -0.1095261E+00   -0.8908120E-01   -0.9989049E-01   -0.6538619E-01    0.0000000E+00   -0.2131354E+00    0.3480668E-01    0.3480668E-01    0.4208935E-01    0.5359087E-01    0.4947821E-01    0.6612995E-01    0.6482596E-01   -0.3914485E-01    0.9997229E+00    0.9997227E+00   -0.9993609E+00    0.6997657E-01   -0.2381891E+00    0.5540655E-01   -0.9586873E-01    0.7043110E-01    0.2307200E+00    0.4227131E-01   -0.1446182E-01   -0.1620739E+00   -0.8294320E-01   -0.8294351E-01    0.6967270E-01    0.6503563E-01   -0.9547400E-01   -0.7690438E-01    0.6860508E-01    0.2038210E-02   -0.1033935E+00   -0.1130883E+00   -0.1698177E+00    0.9985945E+00    0.8429724E-01   -0.1862749E-01    0.0000000E+00   -0.1160190E+00
   -0.9222458E-01    0.1000000E+01    0.9680319E+00   -0.7912790E+00    0.3762481E-01   -0.8701153E-01    0.2040107E-01    0.4061259E+00    0.3696273E-01   -0.2298980E+00    0.1271157E-01    0.9190508E+00   -0.4760142E-01    0.4760142E-01    0.9999566E+00    0.0000000E+00    0.9888308E+00    0.4077169E+00    0.3495208E+00    0.3811018E+00   -0.1310379E+00    0.0000000E+00    0.9874245E+00   -0.7449220E+00   -0.7449220E+00   -0.6395105E+00   -0.7520116E+00   -0.8449586E+00   -0.8508549E+00   -0.7673305E+00    0.3762481E-01   -0.9299996E-01   -0.9300660E-01    0.9297413E-01   -0.9567478E+00    0.9865633E+00   -0.9903114E+00    0.9680397E+00   -0.9710218E+00    0.9450040E+00   -0.9896345E+00    0.9940198E+00    0.9656116E+00    0.9999566E+00    0.9999566E+00   -0.9735418E+00   -0.9764956E+00    0.8295508E+00    0.9720293E+00   -0.9259941E+00    0.4566199E-01    0.3864145E+00    0.4150609E+00    0.3689662E-01   -0.9093305E-01    0.3349866E-02   -0.6554337E-01    0.0000000E+00    0.3210428E-01
   -0.9519041E-01    0.9680319E+00    0.1000000E+01   -0.8536330E+00    0.4928762E-01   -0.6391155E-01    0.5075664E-01    0.3865916E+00    0.3951967E-01   -0.1036554E+00   -0.2220876E-02    0.9737106E+00    0.1386599E+00   -0.1386599E+00    0.9679346E+00    0.0000000E+00    0.9699678E+00    0.3233018E+00    0.2147094E+00    0.2671086E+00   -0.2464312E+00    0.0000000E+00    0.9785520E+00   -0.8288204E+00   -0.8288204E+00   -0.7131308E+00   -0.8324271E+00   -0.8954804E+00   -0.9034535E+00   -0.8523391E+00    0.4928762E-01   -0.9607427E-01   -0.9608055E-01    0.9596852E-01   -0.9979829E+00    0.9683416E+00   -0.9831554E+00    0.9999998E+00   -0.9944112E+00    0.9258414E+00   -0.9825666E+00    0.9759236E+00    0.9974098E+00    0.9679346E+00    0.9679335E+00   -0.9690232E+00   -0.9677037E+00    0.9285919E+00    0.9946348E+00   -0.9891727E+00   -0.1415754E+00    0.2797182E+00    0.3484533E+00    0.3640389E-01   -0.9377046E-01   -0.1751114E-02   -0.5497806E-01    0.0000000E+00    0.3145383E-01
    0.4782184E-01   -0.7912790E+00   -0.8536330E+00    0.1000000E+01   -0.2645726E+00    0.7172981E-01   -0.4601415E-01   -0.6634817E+00    0.1692892E-01   -0.3409023E+00    0.1661366E-01   -0.8428122E+00   -0.2163801E+00    0.2163801E+00   -0.7914800E+00    0.0000000E+00   -0.7982959E+00    0.1488613E+00    0.2004026E+00    0.1800408E+00    0.6325182E+00    0.0000000E+00   -0.8095754E+00    0.9681283E+00    0.9681283E+00    0.8810206E+00    0.9257619E+00    0.9732726E+00    0.9453948E+00    0.8649503E+00   -0.2645726E+00    0.4835319E-01    0.4835591E-01   -0.4816423E-01    0.8577472E+00   -0.7950954E+00    0.8202210E+00   -0.8536013E+00    0.8453960E+00   -0.7747383E+00    0.8202282E+00   -0.8090005E+00   -0.8488445E+00   -0.7914800E+00   -0.7914784E+00    0.8096123E+00    0.8064313E+00   -0.8281505E+00   -0.8434797E+00    0.8619628E+00    0.2183705E+00    0.1760035E+00    0.1303968E+00   -0.1959233E-01    0.4710865E-01    0.1982630E-01    0.4681132E-01    0.0000000E+00   -0.1711199E-01
   -0.3914485E-01    0.3762481E-01    0.4928762E-01   -0.2645726E+00    0.1000000E+01   -0.4851294E-02   -0.2808520E-01    0.6536959E+00    0.4223098E-01    0.9443260E-01   -0.8669049E-02    0.4758107E-01    0.1572628E-01   -0.1572628E-01    0.3728937E-01    0.0000000E+00    0.3810252E-01    0.4355163E-01    0.2618487E-01    0.3430262E-01    0.1092375E-01    0.0000000E+00    0.4692004E-01   -0.2397773E+00   -0.2397773E+00   -0.5404235E+00   -0.3254564E+00   -0.1412611E+00   -0.4136183E-01   -0.4977472E-02    0.1000000E+01   -0.3786276E-01   -0.3786473E-01    0.3731554E-01   -0.4969020E-01    0.4595958E-01   -0.4291218E-01    0.4930795E-01   -0.4858961E-01    0.2809977E-01   -0.4248282E-01    0.3852066E-01    0.5103860E-01    0.3728936E-01    0.3728905E-01   -0.4602085E-01   -0.4493651E-01    0.5232669E-01    0.4556468E-01   -0.5021211E-01   -0.1747636E-01    0.3646379E-01    0.4809900E-01   -0.3413532E-01   -0.4154786E-01    0.2447279E-01   -0.4527593E-01    0.0000000E+00   -0.3657868E-01
    0.1847950E-01   -0.8701153E-01   -0.6391155E-01    0.7172981E-01   -0.4851294E-02    0.1000000E+01   -0.4609853E-01   -0.6915833E-01    0.3588069E-01    0.1015625E-01    0.2939429E-01   -0.5386932E-01    0.6357375E-01   -0.6357375E-01   -0.8690992E-01    0.0000000E+00   -0.8347742E-01   -0.5986895E-02   -0.2815645E-01   -0.1850173E-01    0.2296070E-01    0.0000000E+00   -0.8020434E-01    0.5509643E-01    0.5509644E-01    0.3437156E-01    0.4251868E-01    0.7147445E-01    0.6837922E-01    0.3944444E-01   -0.4851294E-02    0.1843051E-01    0.1843337E-01   -0.1812820E-01    0.5896831E-01   -0.8359057E-01    0.7734954E-01   -0.6392618E-01    0.6609467E-01   -0.7457896E-01    0.7715673E-01   -0.8042318E-01   -0.6497741E-01   -0.8690992E-01   -0.8691029E-01    0.7574794E-01    0.7731044E-01   -0.3283200E-01   -0.6763219E-01    0.4915760E-01   -0.6353830E-01   -0.1484121E-01    0.1202762E-02    0.3753203E-02    0.1875208E-01   -0.3879654E-01    0.9114311E-02    0.0000000E+00    0.4797996E-02
   -0.2451290E-01    0.2040107E-01    0.5075664E-01   -0.4601415E-01   -0.2808520E-01   -0.4609853E-01    0.1000000E+01   -0.1485611E-01    0.4028167E-01    0.4132211E-01   -0.1666688E-01    0.6287873E-01    0.9473174E-01   -0.9473174E-01    0.2018843E-01    0.0000000E+00    0.3025996E-01   -0.1394490E-01   -0.4549723E-01   -0.3182550E-01   -0.4968141E-01    0.0000000E+00    0.3342728E-01   -0.5366598E-01   -0.5366596E-01   -0.3035466E-01   -0.4803586E-01   -0.4266194E-01   -0.4314193E-01   -0.6305359E-01   -0.2808520E-01   -0.2455187E-01   -0.2454668E-01    0.2432639E-01   -0.5307344E-01    0.2942027E-01   -0.3060963E-01    0.5076886E-01   -0.4490223E-01    0.1795857E-01   -0.3039562E-01    0.2464121E-01    0.5232437E-01    0.2018842E-01    0.2018794E-01   -0.3147110E-01   -0.2943584E-01    0.8113766E-01    0.4738376E-01   -0.6268711E-01   -0.9487643E-01   -0.2717662E-01   -0.3808361E-02   -0.2494684E-02   -0.2447963E-01    0.3456598E-01    0.2248604E-01    0.0000000E+00   -0.3846629E-02
   -0.2755603E-01    0.4061259E+00    0.3865916E+00   -0.6634817E+00    0.6536959E+00   -0.6915833E-01   -0.1485611E-01    0.1000000E+01   -0.2690688E-01    0.2299300E+00   -0.1038736E-01    0.3122083E+00   -0.2112122E+00    0.2112122E+00    0.4062009E+00    0.0000000E+00    0.3655665E+00   -0.1594478E+00   -0.5878230E-01   -0.1054823E+00   -0.3398838E+00    0.0000000E+00    0.4096864E+00   -0.6317715E+00   -0.6317715E+00   -0.7452064E+00   -0.6467286E+00   -0.5764526E+00   -0.5036900E+00   -0.4288989E+00    0.6536959E+00   -0.2694754E-01   -0.2694920E-01    0.2676038E-01   -0.3884571E+00    0.4102834E+00   -0.4237323E+00    0.3865453E+00   -0.4127307E+00    0.3985141E+00   -0.4237369E+00    0.4165401E+00    0.3788236E+00    0.4062009E+00    0.4062000E+00   -0.4442139E+00   -0.4443791E+00    0.2597906E+00    0.3654075E+00   -0.3519951E+00    0.2103274E+00   -0.1229568E+00   -0.1877853E+00   -0.7514227E-02   -0.2857574E-01    0.4042875E-01   -0.5431435E-01    0.0000000E+00   -0.9115301E-02
   -0.7788391E-01    0.3696273E-01    0.3951967E-01    0.1692892E-01    0.4223098E-01    0.3588069E-01    0.4028167E-01   -0.2690688E-01    0.1000000E+01   -0.1610616E+00    0.4048605E-01    0.4769533E-01    0.3616775E-01   -0.3616775E-01    0.3626430E-01    0.0000000E+00    0.4398604E-01    0.1285779E+00    0.9256199E-01    0.1102306E+00    0.9655128E-01    0.0000000E+00    0.4456321E-01    0.1816574E-01    0.1816573E-01    0.9254154E-02    0.6064193E-02    0.1089291E-01    0.5644331E-02   -0.5206778E-05    0.4223098E-01   -0.7852419E-01   -0.7852048E-01    0.7885352E-01   -0.3594454E-01    0.4591502E-01   -0.3074738E-01    0.3957833E-01   -0.3285308E-01    0.9218968E-02   -0.2971260E-01    0.2906528E-01    0.4565423E-01    0.3626432E-01    0.3626445E-01   -0.2695235E-01   -0.2665039E-01    0.5087391E-01    0.4260824E-01   -0.3938483E-01   -0.3711699E-01    0.1155585E+00    0.1368779E+00    0.3825312E-01   -0.7622632E-01    0.1538266E-02    0.3873580E-01    0.0000000E+00    0.3427230E-01
    0.8948779E-01   -0.2298980E+00   -0.1036554E+00   -0.3409023E+00    0.9443260E-01    0.1015625E-01    0.4132211E-01    0.2299300E+00   -0.1610616E+00    0.1000000E+01   -0.4310560E-01    0.7235029E-02    0.5607443E+00   -0.5607443E+00   -0.2292491E+00    0.0000000E+00   -0.1674255E+00   -0.9063361E+00   -0.9373169E+00   -0.9372435E+00   -0.8865895E+00    0.0000000E+00   -0.2067259E+00   -0.3343527E+00   -0.3343527E+00   -0.2771038E+00   -0.2178053E+00   -0.2607622E+00   -0.2287329E+00   -0.1752614E+00    0.9443260E-01    0.8972415E-01    0.8973148E-01   -0.8979725E-01    0.9063988E-01   -0.2263032E+00    0.2042994E+00   -0.1036830E+00    0.1462835E+00   -0.1842542E+00    0.2031384E+00   -0.2109923E+00   -0.1020095E+00   -0.2292491E+00   -0.2292500E+00    0.2318328E+00    0.2377747E+00    0.1175315E+00   -0.9413126E-01    0.1835292E-01   -0.5613148E+00   -0.9332934E+00   -0.8751858E+00   -0.2399640E-01    0.8875705E-01   -0.6391658E-01    0.4167740E-01    0.0000000E+00   -0.1925896E-01
   -0.4712049E-01    0.1271157E-01   -0.2220876E-02    0.1661366E-01   -0.8669049E-02    0.2939429E-01   -0.1666688E-01   -0.1038736E-01    0.4048605E-01   -0.4310560E-01    0.1000000E+01   -0.1102124E-01   -0.4918213E-01    0.4918213E-01    0.1228110E-01    0.0000000E+00    0.6827768E-02    0.2746638E-01    0.3987429E-01    0.3479790E-01    0.3288999E-01    0.0000000E+00    0.1322272E-01    0.1492335E-01    0.1492334E-01    0.8546277E-02    0.8059666E-02    0.7176713E-02    0.1006958E-01    0.1783659E-01   -0.8669049E-02   -0.4727946E-01   -0.4727930E-01    0.4731430E-01    0.4652159E-02    0.1654559E-01   -0.5752098E-02   -0.2188051E-02    0.2451140E-03   -0.5695807E-02   -0.5086594E-02    0.6178470E-02    0.7234834E-03    0.1228108E-01    0.1228132E-01   -0.6519124E-02   -0.7171109E-02   -0.1985979E-01   -0.1996977E-02    0.1021214E-01    0.4900998E-01    0.3284542E-01    0.2296305E-01    0.5816609E-02   -0.4682957E-01   -0.1272005E-01    0.4663060E-01    0.0000000E+00    0.3283007E-02
   -0.7267936E-01    0.9190508E+00    0.9737106E+00   -0.8428122E+00    0.4758107E-01   -0.5386932E-01    0.6287873E-01    0.3122083E+00    0.4769533E-01    0.7235029E-02   -0.1102124E-01    0.1000000E+01    0.3391253E+00   -0.3391253E+00    0.9191240E+00    0.0000000E+00    0.9544184E+00    0.2454790E+00    0.7892704E-01    0.1556701E+00   -0.3331956E+00    0.0000000E+00    0.9258471E+00   -0.8051579E+00   -0.8051578E+00   -0.6839481E+00   -0.7909700E+00   -0.8805472E+00   -0.8863016E+00   -0.8146098E+00    0.4758107E-01   -0.7337292E-01   -0.7337814E-01    0.7314351E-01   -0.9684454E+00    0.9120277E+00   -0.9250453E+00    0.9737266E+00   -0.9456720E+00    0.8799209E+00   -0.9246590E+00    0.9228734E+00    0.9746685E+00    0.9191240E+00    0.9191233E+00   -0.8897877E+00   -0.8884270E+00    0.9807437E+00    0.9850240E+00   -0.9847918E+00   -0.3420382E+00    0.1773227E+00    0.2906651E+00    0.2216073E-01   -0.7181177E-01   -0.2863510E-01   -0.4188239E-01    0.0000000E+00    0.1834140E-01
   -0.3763103E-02   -0.4760142E-01    0.1386599E+00   -0.2163801E+00    0.1572628E-01    0.6357375E-01    0.9473174E-01   -0.2112122E+00    0.3616775E-01    0.5607443E+00   -0.4918213E-01    0.3391253E+00    0.1000000E+01   -0.1000000E+01   -0.4767564E-01    0.0000000E+00    0.7916615E-01   -0.3444411E+00   -0.6379241E+00   -0.5138360E+00   -0.5260995E+00    0.0000000E+00   -0.1230685E-01   -0.2149750E+00   -0.2149750E+00   -0.1550960E+00   -0.1507190E+00   -0.1921418E+00   -0.1923493E+00   -0.1832524E+00    0.1572628E-01   -0.3503273E-02   -0.3500079E-02    0.2913273E-02   -0.1455888E+00   -0.4018599E-01    0.3554010E-01    0.1387393E+00   -0.5072409E-01   -0.4147850E-01    0.3555698E-01   -0.4097731E-01    0.1535013E+00   -0.4767564E-01   -0.4767617E-01    0.1023242E+00    0.1102465E+00    0.4934515E+00    0.1733340E+00   -0.2652767E+00   -0.9995400E+00   -0.4690057E+00   -0.2446811E+00   -0.2987153E-01   -0.4998389E-02   -0.1373860E+00    0.4742519E-01    0.0000000E+00   -0.3029367E-01
    0.3763103E-02    0.4760142E-01   -0.1386599E+00    0.2163801E+00   -0.1572628E-01   -0.6357375E-01   -0.9473174E-01    0.2112122E+00   -0.3616775E-01   -0.5607443E+00    0.4918213E-01   -0.3391253E+00   -0.1000000E+01    0.1000000E+01    0.4767564E-01    0.0000000E+00   -0.7916615E-01    0.3444411E+00    0.6379241E+00    0.5138360E+00    0.5260995E+00    0.0000000E+00    0.1230685E-01    0.2149750E+00    0.2149750E+00    0.1550960E+00    0.1507190E+00    0.1921418E+00    0.1923493E+00    0.1832524E+00   -0.1572628E-01    0.3503273E-02    0.3500079E-02   -0.2913273E-02    0.1455888E+00    0.4018599E-01   -0.3554010E-01   -0.1387393E+00    0.5072409E-01    0.4147850E-01   -0.3555698E-01    0.4097731E-01   -0.1535013E+00    0.4767564E-01    0.4767617E-01   -0.1023242E+00   -0.1102465E+00   -0.4934515E+00   -0.1733340E+00    0.2652767E+00    0.9995400E+00    0.4690057E+00    0.2446811E+00    0.2987153E-01    0.4998389E-02    0.1373860E+00   -0.4742519E-01    0.0000000E+00    0.3029367E-01
   -0.8294321E-01    0.9999566E+00    0.9679346E+00   -0.7914800E+00    0.3728937E-01   -0.8690992E-01    0.2018843E-01    0.4062009E+00    0.3626430E-01   -0.2292491E+00    0.1228110E-01    0.9191240E+00   -0.4767564E-01    0.4767564E-01    0.1000000E+01    0.0000000E+00    0.9888574E+00    0.4070262E+00    0.3489737E+00    0.3804795E+00   -0.1317570E+00    0.0000000E+00    0.9862394E+00   -0.7452068E+00   -0.7452068E+00   -0.6396408E+00   -0.7521264E+00   -0.8451881E+00   -0.8509334E+00   -0.7673528E+00    0.3728937E-01   -0.8372181E-01   -0.8372846E-01    0.8369936E-01   -0.9568771E+00    0.9851431E+00   -0.9906045E+00    0.9679360E+00   -0.9711586E+00    0.9479373E+00   -0.9900500E+00    0.9946991E+00    0.9648864E+00    0.1000000E+01    0.1000000E+01   -0.9736877E+00   -0.9766873E+00    0.8293373E+00    0.9721063E+00   -0.9261110E+00    0.4571848E-01    0.3857638E+00    0.4143430E+00    0.3533786E-01   -0.8166377E-01    0.4141374E-02   -0.6577140E-01    0.0000000E+00    0.3104499E-01
    0.0000000E+00    0.0000000E+00    0.0000000E+00    0.0000000E+00    0.0000000E+00    0.0000000E+00    0.0000000E+00    0.0000000E+00    0.0000000E+00    0.0000000E+00    0.0000000E+00    0.0000000E+00    0.0000000E+00    0.0000000E+00    0.0000000E+00    0.0000000E+00    0.0000000E+00    0.0000000E+00    0.0000000E+00    0.0000000E+00    0.0000000E+00    0.0000000E+00    0.0000000E+00    0.0000000E+00    0.0000000E+00    0.0000000E+00    0.0000000E+00    0.0000000E+00    0.0000000E+00    0.0000000E+00    0.0000000E+00    0.0000000E+00    0.0000000E+00    0.0000000E+00    0.0000000E+00    0.0000000E+00    0.0000000E+00    0.0000000E+00    0.0000000E+00    0.0000000E+00    0.0000000E+00    0.0000000E+00    0.0000000E+00    0.0000000E+00    0.0000000E+00    0.0000000E+00    0.0000000E+00    0.0000000E+00    0.0000000E+00    0.0000000E+00    0.0000000E+00    0.0000000E+00    0.0000000E+00    0.0000000E+00    0.0000000E+00    0.0000000E+00    0.0000000E+00    0.0000000E+00    0.0000000E+00
   -0.8376252E-01    0.9888308E+00    0.9699678E+00   -0.7982959E+00    0.3810252E-01   -0.8347742E-01    0.3025996E-01    0.3655665E+00    0.4398604E-01   -0.1674255E+00    0.6827768E-02    0.9544184E+00    0.7916615E-01   -0.7916615E-01    0.9888574E+00    0.0000000E+00    0.1000000E+01    0.3690131E+00    0.2718720E+00    0.3200344E+00   -0.1858083E+00    0.0000000E+00    0.9735784E+00   -0.7422613E+00   -0.7422613E+00   -0.6323483E+00   -0.7387416E+00   -0.8498954E+00   -0.8545214E+00   -0.7570739E+00    0.3810252E-01   -0.8438229E-01   -0.8438829E-01    0.8424516E-01   -0.9556369E+00    0.9706331E+00   -0.9722838E+00    0.9699901E+00   -0.9582032E+00    0.9329953E+00   -0.9716644E+00    0.9794186E+00    0.9701136E+00    0.9888574E+00    0.9888577E+00   -0.9417641E+00   -0.9447622E+00    0.8789330E+00    0.9852766E+00   -0.9400235E+00   -0.8093379E-01    0.3314194E+00    0.3894521E+00    0.2717963E-01   -0.8290162E-01   -0.1746788E-01   -0.5761969E-01    0.0000000E+00    0.2277843E-01
   -0.1095261E+00    0.4077169E+00    0.3233018E+00    0.1488613E+00    0.4355163E-01   -0.5986895E-02   -0.1394490E-01   -0.1594478E+00    0.1285779E+00   -0.9063361E+00    0.2746638E-01    0.2454790E+00   -0.3444411E+00    0.3444411E+00    0.4070262E+00    0.0000000E+00    0.3690131E+00    0.1000000E+01    0.9419208E+00    0.9821601E+00    0.8298260E+00    0.0000000E+00    0.3932335E+00    0.1456889E+00    0.1456889E+00    0.7072095E-01    0.1195784E-01    0.7311469E-01    0.4630856E-01   -0.4459335E-02    0.4355163E-01   -0.1096452E+00   -0.1096531E+00    0.1095762E+00   -0.3124631E+00    0.4053532E+00   -0.3869418E+00    0.3233475E+00   -0.3485525E+00    0.3545239E+00   -0.3856421E+00    0.3913477E+00    0.3241196E+00    0.4070262E+00    0.4070268E+00   -0.3985671E+00   -0.4025947E+00    0.1575927E+00    0.3193708E+00   -0.2621011E+00    0.3424166E+00    0.9905125E+00    0.9944870E+00    0.2025794E-01   -0.1091524E+00    0.6415622E-01   -0.4772620E-01    0.0000000E+00    0.1438585E-01
   -0.8908120E-01    0.3495208E+00    0.2147094E+00    0.2004026E+00    0.2618487E-01   -0.2815645E-01   -0.4549723E-01   -0.5878230E-01    0.9256199E-01   -0.9373169E+00    0.3987429E-01    0.7892704E-01   -0.6379241E+00    0.6379241E+00    0.3489737E+00    0.0000000E+00    0.2718720E+00    0.9419208E+00    0.1000000E+01    0.9882599E+00    0.8680560E+00    0.0000000E+00    0.3256327E+00    0.1970297E+00    0.1970297E+00    0.1153089E+00    0.6441207E-01    0.1297328E+00    0.1071775E+00    0.6121044E-01    0.2618487E-01   -0.8929222E-01   -0.8929974E-01    0.8946311E-01   -0.2038680E+00    0.3454025E+00   -0.3287192E+00    0.2147185E+00   -0.2670221E+00    0.3038772E+00   -0.3276565E+00    0.3339768E+00    0.2101039E+00    0.3489737E+00    0.3489744E+00   -0.3622115E+00   -0.3682721E+00   -0.4728249E-01    0.1985935E+00   -0.1202291E+00    0.6360146E+00    0.9789296E+00    0.9015308E+00    0.2853400E-01   -0.8828289E-01    0.1021148E+00   -0.5823085E-01    0.0000000E+00    0.2384508E-01
   -0.9989049E-01    0.3811018E+00    0.2671086E+00    0.1800408E+00    0.3430262E-01   -0.1850173E-01   -0.3182550E-01   -0.1054823E+00    0.1102306E+00   -0.9372435E+00    0.3479790E-01    0.1556701E+00   -0.5138360E+00    0.5138360E+00    0.3804795E+00    0.0000000E+00    0.3200344E+00    0.9821601E+00    0.9882599E+00    0.1000000E+01    0.8634709E+00    0.0000000E+00    0.3611139E+00    0.1767693E+00    0.1767693E+00    0.9698230E-01    0.4175854E-01    0.1060386E+00    0.8121352E-01    0.3240397E-01    0.3430262E-01   -0.1000552E+00   -0.1000629E+00    0.1001146E+00   -0.2560837E+00    0.3777201E+00   -0.3599376E+00    0.2671346E+00   -0.3078799E+00    0.3312589E+00   -0.3587488E+00    0.3649017E+00    0.2649203E+00    0.3804795E+00    0.3804801E+00   -0.3839705E+00   -0.3892031E+00    0.4493867E-01    0.2563107E+00   -0.1863309E+00    0.5119463E+00    0.9986056E+00    0.9570299E+00    0.2489677E-01   -0.9929189E-01    0.8482487E-01   -0.5435251E-01    0.0000000E+00    0.1958733E-01
   -0.6538619E-01   -0.1310379E+00   -0.2464312E+00    0.6325182E+00    0.1092375E-01    0.2296070E-01   -0.4968141E-01   -0.3398838E+00    0.9655128E-01   -0.8865895E+00    0.3288999E-01   -0.3331956E+00   -0.5260995E+00    0.5260995E+00   -0.1317570E+00    0.0000000E+00   -0.1858083E+00    0.8298260E+00    0.8680560E+00    0.8634709E+00    0.1000000E+01    0.0000000E+00   -0.1505030E+00    0.6202680E+00    0.6202680E+00    0.4764030E+00    0.4834133E+00    0.5868240E+00    0.5650233E+00    0.4833631E+00    0.1092375E-01   -0.6501075E-01   -0.6501545E-01    0.6503988E-01    0.2561484E+00   -0.1303874E+00    0.1570165E+00   -0.2463932E+00    0.2079702E+00   -0.1616766E+00    0.1580830E+00   -0.1504559E+00   -0.2457748E+00   -0.1317570E+00   -0.1317560E+00    0.1273574E+00    0.1223137E+00   -0.4089022E+00   -0.2541701E+00    0.3144490E+00    0.5255178E+00    0.8592530E+00    0.7988918E+00    0.3096260E-02   -0.6571540E-01    0.8264292E-01   -0.2244668E-01    0.0000000E+00   -0.4843130E-03
    0.0000000E+00    0.0000000E+00    0.0000000E+00    0.0000000E+00    0.0000000E+00    0.0000000E+00    0.0000000E+00    0.0000000E+00    0.0000000E+00    0.0000000E+00    0.0000000E+00    0.0000000E+00    0.0000000E+00    0.0000000E+00    0.0000000E+00    0.0000000E+00    0.0000000E+00    0.0000000E+00    0.0000000E+00    0.0000000E+00    0.0000000E+00    0.0000000E+00    0.0000000E+00    0.0000000E+00    0.0000000E+00    0.0000000E+00    0.0000000E+00    0.0000000E+00    0.0000000E+00    0.0000000E+00    0.0000000E+00    0.0000000E+00    0.0000000E+00    0.0000000E+00    0.0000000E+00    0.0000000E+00    0.0000000E+00    0.0000000E+00    0.0000000E+00    0.0000000E+00    0.0000000E+00    0.0000000E+00    0.0000000E+00    0.0000000E+00    0.0000000E+00    0.0000000E+00    0.0000000E+00    0.0000000E+00    0.0000000E+00    0.0000000E+00    0.0000000E+00    0.0000000E+00    0.0000000E+00    0.0000000E+00    0.0000000E+00    0.0000000E+00    0.0000000E+00    0.0000000E+00    0.0000000E+00
   -0.2131354E+00    0.9874245E+00    0.9785520E+00   -0.8095754E+00    0.4692004E-01   -0.8020434E-01    0.3342728E-01    0.4096864E+00    0.4456321E-01   -0.2067259E+00    0.1322272E-01    0.9258471E+00   -0.1230685E-01    0.1230685E-01    0.9862394E+00    0.0000000E+00    0.9735784E+00    0.3932335E+00    0.3256327E+00    0.3611139E+00   -0.1505030E+00    0.0000000E+00    0.1000000E+01   -0.7739556E+00   -0.7739556E+00   -0.6682144E+00   -0.7852163E+00   -0.8582052E+00   -0.8671240E+00   -0.8023637E+00    0.4692004E-01   -0.2140233E+00   -0.2140298E+00    0.2139879E+00   -0.9690996E+00    0.9989518E+00   -0.9863020E+00    0.9786313E+00   -0.9799086E+00    0.9008059E+00   -0.9841113E+00    0.9792760E+00    0.9831698E+00    0.9862394E+00    0.9862389E+00   -0.9773456E+00   -0.9779330E+00    0.8538549E+00    0.9726486E+00   -0.9424382E+00    0.1016794E-01    0.3677600E+00    0.4038676E+00    0.6192835E-01   -0.2113576E+00   -0.2527548E-02   -0.6071082E-01    0.0000000E+00    0.5067086E-01
    0.3480668E-01   -0.7449220E+00   -0.8288204E+00    0.9681283E+00   -0.2397773E+00    0.5509643E-01   -0.5366598E-01   -0.6317715E+00    0.1816574E-01   -0.3343527E+00    0.1492335E-01   -0.8051579E+00   -0.2149750E+00    0.2149750E+00   -0.7452068E+00    0.0000000E+00   -0.7422613E+00    0.1456889E+00    0.1970297E+00    0.1767693E+00    0.6202680E+00    0.0000000E+00   -0.7739556E+00    0.1000000E+01    0.1000000E+01    0.9204920E+00    0.9768715E+00    0.9672946E+00    0.9484169E+00    0.9278774E+00   -0.2397773E+00    0.3581699E-01    0.3581968E-01   -0.3587387E-01    0.8431048E+00   -0.7559278E+00    0.7908642E+00   -0.8287686E+00    0.8296589E+00   -0.7418706E+00    0.7911060E+00   -0.7726811E+00   -0.8211733E+00   -0.7452068E+00   -0.7452045E+00    0.7936075E+00    0.7877054E+00   -0.8053164E+00   -0.8052485E+00    0.8485715E+00    0.2175232E+00    0.1729212E+00    0.1273037E+00   -0.3747687E-01    0.3300698E-01    0.9539534E-02    0.4127903E-01    0.0000000E+00   -0.3585716E-01
    0.3480668E-01   -0.7449220E+00   -0.8288204E+00    0.9681283E+00   -0.2397773E+00    0.5509644E-01   -0.5366596E-01   -0.6317715E+00    0.1816573E-01   -0.3343527E+00    0.1492334E-01   -0.8051578E+00   -0.2149750E+00    0.2149750E+00   -0.7452068E+00    0.0000000E+00   -0.7422613E+00    0.1456889E+00    0.1970297E+00    0.1767693E+00    0.6202680E+00    0.0000000E+00   -0.7739556E+00    0.1000000E+01    0.1000000E+01    0.9204920E+00    0.9768715E+00    0.9672946E+00    0.9484169E+00    0.9278774E+00   -0.2397773E+00    0.3581699E-01    0.3581968E-01   -0.3587387E-01    0.8431048E+00   -0.7559278E+00    0.7908642E+00   -0.8287686E+00    0.8296589E+00   -0.7418706E+00    0.7911060E+00   -0.7726811E+00   -0.8211733E+00   -0.7452068E+00   -0.7452044E+00    0.7936075E+00    0.7877054E+00   -0.8053164E+00   -0.8052485E+00    0.8485715E+00    0.2175232E+00    0.1729212E+00    0.1273037E+00   -0.3747687E-01    0.3300698E-01    0.9539524E-02    0.4127903E-01    0.0000000E+00   -0.3585717E-01
    0.4208935E-01   -0.6395105E+00   -0.7131308E+00    0.8810206E+00   -0.5404235E+00    0.3437156E-01   -0.3035466E-01   -0.7452064E+00    0.9254154E-02   -0.2771038E+00    0.8546277E-02   -0.6839481E+00   -0.1550960E+00    0.1550960E+00   -0.6396408E+00    0.0000000E+00   -0.6323483E+00    0.7072095E-01    0.1153089E+00    0.9698230E-01    0.4764030E+00    0.0000000E+00   -0.6682144E+00    0.9204920E+00    0.9204920E+00    0.1000000E+01    0.9619005E+00    0.8488044E+00    0.7988587E+00    0.7854737E+00   -0.5404235E+00    0.4253568E-01    0.4253908E-01   -0.4258801E-01    0.7269544E+00   -0.6527360E+00    0.6829995E+00   -0.7130900E+00    0.7181895E+00   -0.6351808E+00    0.6830632E+00   -0.6649540E+00   -0.7062481E+00   -0.6396408E+00   -0.6396385E+00    0.6918812E+00    0.6860103E+00   -0.6835467E+00   -0.6882793E+00    0.7278553E+00    0.1582551E+00    0.9378358E-01    0.5594266E-01   -0.2440299E-01    0.4114424E-01   -0.1197283E-01    0.5228391E-01    0.0000000E+00   -0.2227296E-01
    0.5359087E-01   -0.7520116E+00   -0.8324271E+00    0.9257619E+00   -0.3254564E+00    0.4251868E-01   -0.4803586E-01   -0.6467286E+00    0.6064193E-02   -0.2178053E+00    0.8059666E-02   -0.7909700E+00   -0.1507190E+00    0.1507190E+00   -0.7521264E+00    0.0000000E+00   -0.7387416E+00    0.1195784E-01    0.6441207E-01    0.4175854E-01    0.4834133E+00    0.0000000E+00   -0.7852163E+00    0.9768715E+00    0.9768715E+00    0.9619005E+00    0.1000000E+01    0.9267900E+00    0.9050582E+00    0.9131482E+00   -0.3254564E+00    0.5456645E-01    0.5457069E-01   -0.5472890E-01    0.8488165E+00   -0.7680219E+00    0.8026370E+00   -0.8323790E+00    0.8413840E+00   -0.7453683E+00    0.8026542E+00   -0.7813929E+00   -0.8241334E+00   -0.7521264E+00   -0.7521238E+00    0.8151446E+00    0.8085245E+00   -0.7858614E+00   -0.8016917E+00    0.8463106E+00    0.1540553E+00    0.3782971E-01   -0.3721325E-02   -0.4241803E-01    0.5166220E-01   -0.1161370E-01    0.4835962E-01    0.0000000E+00   -0.3980208E-01
    0.4947821E-01   -0.8449586E+00   -0.8954804E+00    0.9732726E+00   -0.1412611E+00    0.7147445E-01   -0.4266194E-01   -0.5764526E+00    0.1089291E-01   -0.2607622E+00    0.7176713E-02   -0.8805472E+00   -0.1921418E+00    0.1921418E+00   -0.8451881E+00    0.0000000E+00   -0.8498954E+00    0.7311469E-01    0.1297328E+00    0.1060386E+00    0.5868240E+00    0.0000000E+00   -0.8582052E+00    0.9672946E+00    0.9672946E+00    0.8488044E+00    0.9267900E+00    0.1000000E+01    0.9854074E+00    0.8968569E+00   -0.1412611E+00    0.5040395E-01    0.5040743E-01   -0.5048153E-01    0.8978772E+00   -0.8450754E+00    0.8684908E+00   -0.8954502E+00    0.8879957E+00   -0.8238393E+00    0.8684673E+00   -0.8597712E+00   -0.8907339E+00   -0.8451881E+00   -0.8451867E+00    0.8549794E+00    0.8527131E+00   -0.8554546E+00   -0.8879218E+00    0.8984637E+00    0.1944161E+00    0.1014232E+00    0.5488806E-01   -0.3658608E-01    0.4787745E-01    0.2144687E-01    0.4562667E-01    0.0000000E+00   -0.3414822E-01
    0.6612995E-01   -0.8508549E+00   -0.9034535E+00    0.9453948E+00   -0.4136183E-01    0.6837922E-01   -0.4314193E-01   -0.5036900E+00    0.5644331E-02   -0.2287329E+00    0.1006958E-01   -0.8863016E+00   -0.1923493E+00    0.1923493E+00   -0.8509334E+00    0.0000000E+00   -0.8545214E+00    0.4630856E-01    0.1071775E+00    0.8121352E-01    0.5650233E+00    0.0000000E+00   -0.8671240E+00    0.9484169E+00    0.9484169E+00    0.7988587E+00    0.9050582E+00    0.9854074E+00    0.1000000E+01    0.9331375E+00   -0.4136183E-01    0.6734672E-01    0.6735129E-01   -0.6755439E-01    0.9067909E+00   -0.8539932E+00    0.8753569E+00   -0.9034336E+00    0.8968090E+00   -0.8249746E+00    0.8751177E+00   -0.8653035E+00   -0.8995454E+00   -0.8509334E+00   -0.8509320E+00    0.8636325E+00    0.8608920E+00   -0.8624704E+00   -0.8941475E+00    0.9073484E+00    0.1946135E+00    0.7595800E-01    0.2739804E-01   -0.4861336E-01    0.6393350E-01    0.1802436E-01    0.3910805E-01    0.0000000E+00   -0.4535675E-01
    0.6482596E-01   -0.7673305E+00   -0.8523391E+00    0.8649503E+00   -0.4977472E-02    0.3944444E-01   -0.6305359E-01   -0.4288989E+00   -0.5206778E-05   -0.1752614E+00    0.1783659E-01   -0.8146098E+00   -0.1832524E+00    0.1832524E+00   -0.7673528E+00    0.0000000E+00   -0.7570739E+00   -0.4459335E-02    0.6121044E-01    0.3240397E-01    0.4833631E+00    0.0000000E+00   -0.8023637E+00    0.9278774E+00    0.9278774E+00    0.7854737E+00    0.9131482E+00    0.8968569E+00    0.9331375E+00    0.1000000E+01   -0.4977472E-02    0.6658400E-01    0.6658916E-01   -0.6688920E-01    0.8708485E+00   -0.7844711E+00    0.8171717E+00   -0.8523038E+00    0.8601177E+00   -0.7563701E+00    0.8170602E+00   -0.7954314E+00   -0.8453970E+00   -0.7673528E+00   -0.7673501E+00    0.8284824E+00    0.8212406E+00   -0.8134926E+00   -0.8217650E+00    0.8723128E+00    0.1857203E+00    0.2629240E-01   -0.2375284E-01   -0.6752780E-01    0.6151109E-01    0.1051885E-02    0.3005318E-01    0.0000000E+00   -0.6449785E-01
   -0.3914485E-01    0.3762481E-01    0.4928762E-01   -0.2645726E+00    0.1000000E+01   -0.4851294E-02   -0.2808520E-01    0.6536959E+00    0.4223098E-01    0.9443260E-01   -0.8669049E-02    0.4758107E-01    0.1572628E-01   -0.1572628E-01    0.3728937E-01    0.0000000E+00    0.3810252E-01    0.4355163E-01    0.2618487E-01    0.3430262E-01    0.1092375E-01    0.0000000E+00    0.4692004E-01   -0.2397773E+00   -0.2397773E+00   -0.5404235E+00   -0.3254564E+00   -0.1412611E+00   -0.4136183E-01   -0.4977472E-02    0.1000000E+01   -0.3786276E-01   -0.3786473E-01    0.3731554E-01   -0.4969020E-01    0.4595958E-01   -0.4291218E-01    0.4930795E-01   -0.4858961E-01    0.2809977E-01   -0.4248282E-01    0.3852066E-01    0.5103860E-01    0.3728936E-01    0.3728905E-01   -0.4602085E-01   -0.4493651E-01    0.5232669E-01    0.4556468E-01   -0.5021211E-01   -0.1747636E-01    0.3646379E-01    0.4809900E-01   -0.3413532E-01   -0.4154786E-01    0.2447279E-01   -0.4527593E-01    0.0000000E+00   -0.3657868E-01
    0.9997229E+00   -0.9299996E-01   -0.9607427E-01    0.4835319E-01   -0.3786276E-01    0.1843051E-01   -0.2455187E-01   -0.2694754E-01   -0.7852419E-01    0.8972415E-01   -0.4727946E-01   -0.7337292E-01   -0.3503273E-02    0.3503273E-02   -0.8372181E-01    0.0000000E+00   -0.8438229E-01   -0.1096452E+00   -0.8929222E-01   -0.1000552E+00   -0.6501075E-01    0.0000000E+00   -0.2140233E+00    0.3581699E-01    0.3581699E-01    0.4253568E-01    0.5456645E-01    0.5040395E-01    0.6734672E-01    0.6658400E-01   -0.3786276E-01    0.1000000E+01    0.1000000E+01   -0.9998644E+00    0.7096365E-01   -0.2390652E+00    0.5630888E-01   -0.9675230E-01    0.7141961E-01    0.2298684E+00    0.4317444E-01   -0.1529213E-01   -0.1629676E+00   -0.8372181E-01   -0.8372210E-01    0.7064634E-01    0.6599349E-01   -0.9621298E-01   -0.7768558E-01    0.6957019E-01    0.1848609E-02   -0.1035190E+00   -0.1131815E+00   -0.1910642E+00    0.9971478E+00    0.8296164E-01   -0.1899619E-01    0.0000000E+00   -0.1374504E+00
    0.9997227E+00   -0.9300660E-01   -0.9608055E-01    0.4835591E-01   -0.3786473E-01    0.1843337E-01   -0.2454668E-01   -0.2694920E-01   -0.7852048E-01    0.8973148E-01   -0.4727930E-01   -0.7337814E-01   -0.3500079E-02    0.3500079E-02   -0.8372846E-01    0.0000000E+00   -0.8438829E-01   -0.1096531E+00   -0.8929974E-01   -0.1000629E+00   -0.6501545E-01    0.0000000E+00   -0.2140298E+00    0.3581968E-01    0.3581968E-01    0.4253908E-01    0.5457069E-01    0.5040743E-01    0.6735129E-01    0.6658916E-01   -0.3786473E-01    0.1000000E+01    0.1000000E+01   -0.9998644E+00    0.7096999E-01   -0.2390718E+00    0.5631573E-01   -0.9675858E-01    0.7142628E-01    0.2298617E+00    0.4318130E-01   -0.1529896E-01   -0.1629737E+00   -0.8372846E-01   -0.8372875E-01    0.7065340E-01    0.6600056E-01   -0.9621743E-01   -0.7769162E-01    0.6957603E-01    0.1845561E-02   -0.1035267E+00   -0.1131892E+00   -0.1910705E+00    0.9971473E+00    0.8295626E-01   -0.1899466E-01    0.0000000E+00   -0.1374567E+00
   -0.9993609E+00    0.9297413E-01    0.9596852E-01   -0.4816423E-01    0.3731554E-01   -0.1812820E-01    0.2432639E-01    0.2676038E-01    0.7885352E-01   -0.8979725E-01    0.4731430E-01    0.7314351E-01    0.2913273E-02   -0.2913273E-02    0.8369936E-01    0.0000000E+00    0.8424516E-01    0.1095762E+00    0.8946311E-01    0.1001146E+00    0.6503988E-01    0.0000000E+00    0.2139879E+00   -0.3587387E-01   -0.3587387E-01   -0.4258801E-01   -0.5472890E-01   -0.5048153E-01   -0.6755439E-01   -0.6688920E-01    0.3731554E-01   -0.9998644E+00   -0.9998644E+00    0.1000000E+01   -0.7089137E-01    0.2390442E+00   -0.5630358E-01    0.9664626E-01   -0.7138748E-01   -0.2298113E+00   -0.4317026E-01    0.1528377E-01    0.1628554E+00    0.8369935E-01    0.8369965E-01   -0.7067748E-01   -0.6602492E-01    0.9593902E-01    0.7755268E-01   -0.6944437E-01   -0.1298371E-02    0.1035280E+00    0.1130436E+00    0.2045714E+00   -0.9960783E+00   -0.8190131E-01    0.1887056E-01    0.0000000E+00    0.1510833E+00
    0.6997657E-01   -0.9567478E+00   -0.9979829E+00    0.8577472E+00   -0.4969020E-01    0.5896831E-01   -0.5307344E-01   -0.3884571E+00   -0.3594454E-01    0.9063988E-01    0.4652159E-02   -0.9684454E+00   -0.1455888E+00    0.1455888E+00   -0.9568771E+00    0.0000000E+00   -0.9556369E+00   -0.3124631E+00   -0.2038680E+00   -0.2560837E+00    0.2561484E+00    0.0000000E+00   -0.9690996E+00    0.8431048E+00    0.8431048E+00    0.7269544E+00    0.8488165E+00    0.8978772E+00    0.9067909E+00    0.8708485E+00   -0.4969020E-01    0.7096365E-01    0.7096999E-01   -0.7089137E-01    0.1000000E+01   -0.9568426E+00    0.9792541E+00   -0.9979600E+00    0.9953746E+00   -0.9262434E+00    0.9790312E+00   -0.9701974E+00   -0.9929801E+00   -0.9568771E+00   -0.9568757E+00    0.9686531E+00    0.9665226E+00   -0.9288584E+00   -0.9882708E+00    0.9924021E+00    0.1487232E+00   -0.2686066E+00   -0.3378876E+00   -0.3550658E-01    0.6839106E-01   -0.4311870E-02    0.5530817E-01    0.0000000E+00   -0.3194084E-01
   -0.2381891E+00    0.9865633E+00    0.9683416E+00   -0.7950954E+00    0.4595958E-01   -0.8359057E-01    0.2942027E-01    0.4102834E+00    0.4591502E-01   -0.2263032E+00    0.1654559E-01    0.9120277E+00   -0.4018599E-01    0.4018599E-01    0.9851431E+00    0.0000000E+00    0.9706331E+00    0.4053532E+00    0.3454025E+00    0.3777201E+00   -0.1303874E+00    0.0000000E+00    0.9989518E+00   -0.7559278E+00   -0.7559278E+00   -0.6527360E+00   -0.7680219E+00   -0.8450754E+00   -0.8539932E+00   -0.7844711E+00    0.4595958E-01   -0.2390652E+00   -0.2390718E+00    0.2390442E+00   -0.9568426E+00    0.1000000E+01   -0.9808179E+00    0.9684397E+00   -0.9702892E+00    0.8900049E+00   -0.9782769E+00    0.9743181E+00    0.9747711E+00    0.9851431E+00    0.9851427E+00   -0.9719744E+00   -0.9730762E+00    0.8345820E+00    0.9633607E+00   -0.9270247E+00    0.3826979E-01    0.3833013E+00    0.4133029E+00    0.6697409E-01   -0.2363587E+00   -0.4311199E-02   -0.6131269E-01    0.0000000E+00    0.5437363E-01
    0.5540655E-01   -0.9903114E+00   -0.9831554E+00    0.8202210E+00   -0.4291218E-01    0.7734954E-01   -0.3060963E-01   -0.4237323E+00   -0.3074738E-01    0.2042994E+00   -0.5752098E-02   -0.9250453E+00    0.3554010E-01   -0.3554010E-01   -0.9906045E+00    0.0000000E+00   -0.9722838E+00   -0.3869418E+00   -0.3287192E+00   -0.3599376E+00    0.1570165E+00    0.0000000E+00   -0.9863020E+00    0.7908642E+00    0.7908642E+00    0.6829995E+00    0.8026370E+00    0.8684908E+00    0.8753569E+00    0.8171717E+00   -0.4291218E-01    0.5630888E-01    0.5631573E-01   -0.5630358E-01    0.9792541E+00   -0.9808179E+00    0.1000000E+01   -0.9831189E+00    0.9923449E+00   -0.9568243E+00    0.9999127E+00   -0.9974398E+00   -0.9759041E+00   -0.9906045E+00   -0.9906037E+00    0.9934752E+00    0.9943644E+00   -0.8477065E+00   -0.9756996E+00    0.9494360E+00   -0.3298032E-01   -0.3649633E+00   -0.3948096E+00   -0.3357821E-01    0.5392506E-01   -0.1660612E-01    0.6566087E-01    0.0000000E+00   -0.3079446E-01
   -0.9586873E-01    0.9680397E+00    0.9999998E+00   -0.8536013E+00    0.4930795E-01   -0.6392618E-01    0.5076886E-01    0.3865453E+00    0.3957833E-01   -0.1036830E+00   -0.2188051E-02    0.9737266E+00    0.1387393E+00   -0.1387393E+00    0.9679360E+00    0.0000000E+00    0.9699901E+00    0.3233475E+00    0.2147185E+00    0.2671346E+00   -0.2463932E+00    0.0000000E+00    0.9786313E+00   -0.8287686E+00   -0.8287686E+00   -0.7130900E+00   -0.8323790E+00   -0.8954502E+00   -0.9034336E+00   -0.8523038E+00    0.4930795E-01   -0.9675230E-01   -0.9675858E-01    0.9664626E-01   -0.9979600E+00    0.9684397E+00   -0.9831189E+00    0.1000000E+01   -0.9943807E+00    0.9256210E+00   -0.9825211E+00    0.9758674E+00    0.9974594E+00    0.9679361E+00    0.9679350E+00   -0.9689799E+00   -0.9676587E+00    0.9286279E+00    0.9946385E+00   -0.9891603E+00   -0.1416531E+00    0.2797506E+00    0.3485093E+00    0.3651541E-01   -0.9444811E-01   -0.1826477E-02   -0.5495751E-01    0.0000000E+00    0.3152883E-01
    0.7043110E-01   -0.9710218E+00   -0.9944112E+00    0.8453960E+00   -0.4858961E-01    0.6609467E-01   -0.4490223E-01   -0.4127307E+00   -0.3285308E-01    0.1462835E+00    0.2451140E-03   -0.9456720E+00   -0.5072409E-01    0.5072409E-01   -0.9711586E+00    0.0000000E+00   -0.9582032E+00   -0.3485525E+00   -0.2670221E+00   -0.3078799E+00    0.2079702E+00    0.0000000E+00   -0.9799086E+00    0.8296589E+00    0.8296589E+00    0.7181895E+00    0.8413840E+00    0.8879957E+00    0.8968090E+00    0.8601177E+00   -0.4858961E-01    0.7141961E-01    0.7142628E-01   -0.7138748E-01    0.9953746E+00   -0.9702892E+00    0.9923449E+00   -0.9943807E+00    0.1000000E+01   -0.9394626E+00    0.9921185E+00   -0.9838274E+00   -0.9879542E+00   -0.9711586E+00   -0.9711573E+00    0.9880254E+00    0.9866779E+00   -0.8903685E+00   -0.9815482E+00    0.9759958E+00    0.5372004E-01   -0.3162944E+00   -0.3646429E+00   -0.3738594E-01    0.6878391E-01   -0.1405120E-01    0.6023425E-01    0.0000000E+00   -0.3380805E-01
